time	f0
0.025	153.6
0.035	151.34
0.045	151.53
0.055	151.19
0.065	150.74
0.075	150.28
0.085	149.71
0.095	150.59
0.105	150.28
0.115	150.5
0.125	151.38
0.135	152.13
0.145	152.37
0.155	153.11
0.165	153.65
0.175	153.7
0.185	155.07
0.195	156.12
0.205	156.14
0.215	155.5
0.225	153.73
0.235	153.58
0.245	153.15
0.255	151.85
0.265	151.02
0.275	151.29
0.285	149.15
0.295	144.23
0.305	143.8
0.415	159.23
0.425	159.36
0.435	158.75
0.445	159.63
0.455	159.97
0.465	160.03
0.475	160.44
0.485	160.69
0.495	159.49
0.505	158.27
0.515	158.31
0.525	159.58
0.535	158.9
0.545	154.75
0.555	155.51
0.565	164.54
0.575	175.31
0.585	192.13
0.595	187.49
0.605	180.11
0.615	176.87
0.625	175.83
0.635	178.09
0.815	88.83
0.825	88
0.835	87.63
0.845	87.07
0.855	86.42
0.865	85.56
0.975	186.61
0.985	182.78
0.995	176.6
1.005	175.36
1.015	174.14
1.025	170.11
1.035	168.68
1.045	170.3
1.055	165.45
1.065	167.06
1.075	168.3
1.085	162.41
1.095	162.02
1.105	166.09
1.115	166.99
1.125	161.99
1.135	160.5
1.275	80.39
1.285	80.81
1.295	80.48
1.305	79.83
1.315	80.05
1.325	80.04
1.335	158.09
1.345	155.02
1.355	152.39
1.365	145.86
1.375	135.45
1.385	137.08
1.555	63.3
1.565	61.61
1.575	62.2
1.875	61.91
1.885	61.87
1.895	61.95
1.905	61.35
2.335	179.06
2.345	166.39
2.355	163.94
2.365	162.03
2.375	160.24
2.385	158.72
2.395	157.86
2.405	156.86
2.415	155.67
2.425	155.53
2.435	154.67
2.445	153.05
2.455	152.49
2.465	150.26
2.475	148.7
2.485	149.92
2.495	150.02
2.505	147.79
2.515	144.96
2.525	145.02
2.535	150.94
2.545	146.01
2.555	141.74
2.565	142.14
2.755	190.29
2.765	186.27
2.775	181.71
2.785	176.72
2.795	174.05
2.805	172.91
2.815	170.26
2.825	162.37
2.835	160.94
2.845	165.82
2.855	169.15
2.865	171.21
2.875	169.9
2.885	170.25
2.895	173.49
2.905	174.3
2.915	174.45
2.925	178.55
2.935	179.62
2.945	179.47
2.955	177.76
2.965	177.91
2.975	183.84
2.985	196.34
2.995	211.73
3.005	223.56
3.025	94.93
3.035	95.34
3.045	92.96
3.055	89.71
3.065	87.89
3.075	161.33
3.085	167.53
3.095	166
3.105	163.17
3.115	163.97
3.125	163.05
3.135	160.38
3.145	162.13
3.155	161.32
3.165	160.9
3.175	165.66
3.185	165.46
3.195	164.58
3.205	164.54
3.215	164.49
3.225	171.14
3.235	172.29
3.245	175.81
3.255	176.48
3.265	172.4
3.275	173.67
3.285	174.74
3.295	174.75
3.305	174.39
3.315	174.4
3.325	173.49
3.335	170.4
3.345	167.65
3.355	166.3
3.365	158.84
3.375	155.97
3.385	167.91
3.395	170.2
3.405	173.58
3.415	176.23
3.425	177.69
3.435	178.6
3.445	178.82
3.455	177.76
3.465	175.21
3.475	173.01
3.485	173.45
3.495	178.04
3.505	179.39
3.515	180.34
3.525	179.73
3.535	176.47
3.545	175.46
3.555	191.12
3.565	190.3
3.575	185.71
3.585	182.31
3.595	182.9
3.605	185.44
3.615	186.1
3.625	184.68
3.635	183.87
3.645	183.58
3.655	181.56
3.665	179.52
3.675	178.57
3.685	179.21
3.695	184.59
3.705	189.31
3.715	191.44
3.725	192.65
3.735	192.89
3.745	191.91
3.755	190.35
3.765	189.31
3.775	186.96
3.785	184.23
3.795	182.41
3.805	179.66
3.815	175.58
3.825	171.27
3.835	169.81
3.845	164.62
3.925	82.03
3.935	81.68
3.945	81.3
3.955	81.52
3.965	81.41
3.975	81.2
3.985	81
3.995	81.04
4.005	81.09
4.015	81.07
4.175	211.04
4.185	204.13
4.195	195.35
4.205	193.75
4.215	193.03
4.225	193.88
4.235	195
4.245	195.22
4.255	194.9
4.265	194.33
4.275	193.8
4.285	194.4
4.295	195.53
4.305	194.67
4.315	193.89
4.325	195.13
4.335	197.3
4.345	196.18
4.355	197.02
4.365	209.32
4.375	218.65
4.385	107.99
4.395	106.44
4.405	106.24
4.415	105.66
4.425	104.71
4.435	69.3
4.445	68.97
4.515	105.68
4.525	105.94
4.555	89.1
4.565	89.25
4.575	88.18
4.585	86.24
4.595	85.01
4.605	84.88
4.615	86.04
4.625	86.75
4.635	85.88
4.645	84.66
4.655	84.01
4.665	82.94
4.675	81.52
4.685	81.09
4.695	83.18
4.705	84.2
4.715	82.97
4.725	79.18
4.735	79.13
4.745	79.16
4.755	75.32
4.765	76.84
4.775	78
4.785	77.04
4.795	75.62
4.805	76.62
4.815	78.41
4.825	80.11
4.835	79.63
4.845	78.42
4.855	78.14
4.865	77.99
4.875	77.96
4.885	78.76
4.895	78.87
4.905	78.94
4.915	79.24
4.925	79.6
4.935	79.65
4.945	78.15
4.955	78.29
4.965	78.59
4.975	78.8
4.985	78.41
4.995	78.59
5.005	78.62
5.015	77.55
5.025	77.8
5.035	78.45
5.045	157.53
5.055	158.31
5.065	160.46
5.075	159.77
5.085	161.22
5.095	162.62
5.105	167.6
5.115	166.24
5.125	163.98
5.135	163.94
5.145	165.92
5.155	165.77
5.165	163.85
5.175	164.74
5.185	160.82
5.195	162.38
5.205	163.86
5.485	186.54
5.495	181.93
5.505	176.96
5.515	174.22
5.525	174.09
5.535	172.5
5.545	171.54
5.555	170.93
5.565	168.81
5.575	167.15
5.585	167.35
5.595	170.43
5.605	170.19
5.615	166
5.625	162.69
5.635	163.18
5.645	164.64
5.655	165.26
5.665	169.28
5.915	96.67
5.925	96.07
5.935	94.72
5.945	94.82
5.955	95.03
5.965	93.23
5.975	93.68
5.985	95.19
5.995	96.54
6.005	98.68
6.015	100.56
6.035	237.88
6.045	238.73
6.055	236.66
6.205	203.56
6.215	192.45
6.225	189.95
6.235	191.09
6.245	97.05
6.255	101.69
6.265	100.37
6.275	100.14
6.285	99.76
6.295	97.61
6.305	96.42
6.315	183.67
6.325	182.57
6.335	189.7
6.345	196.66
6.355	202.25
6.405	200.58
6.415	202.34
6.425	199.23
6.435	193.79
6.445	188.48
6.455	186.57
6.465	187.88
6.475	185.4
6.485	186.21
6.495	190.64
