time	f0
0.616	133.73
0.626	144.17
0.636	156.94
0.646	153.5
0.656	154.85
0.666	155.3
0.676	154.15
0.686	152.81
0.696	147.31
0.706	143.67
0.716	140.11
0.726	138.08
0.736	137.15
0.746	138.28
0.756	137.1
0.766	137.25
0.776	135.35
0.786	138.33
0.796	135.65
0.806	134.81
0.816	135.82
0.826	135.3
0.836	134.88
0.846	134.18
0.856	132.32
0.866	133.39
0.876	135.3
0.886	137.33
0.896	137.29
0.906	139.74
0.916	143.53
0.926	137.62
0.936	138.29
1.046	163.43
1.056	156.24
1.066	152.7
1.076	154.52
1.086	153
1.096	153.24
1.106	154.01
1.116	153.93
1.126	155.35
1.136	154.73
1.146	154.35
1.156	151.85
1.166	149.31
1.176	134.54
1.186	138.75
1.196	138.85
1.296	154.01
1.306	152.06
1.316	151.78
1.326	150.73
1.336	149.56
1.346	149.06
1.356	148.58
1.366	147.08
1.376	145.7
1.386	149.78
1.396	149.95
1.406	150.75
1.416	152.45
1.426	152.36
1.436	142.38
1.446	141.49
1.456	141.78
1.466	143.49
1.476	142.56
1.486	141.78
1.496	139.72
1.506	141.4
1.516	139.31
1.526	139.44
1.536	138.89
1.546	137.54
1.556	136.63
1.566	136.64
1.576	136.4
1.586	133.8
1.596	136.83
1.606	136.58
1.616	136.26
1.626	137.51
1.636	135.78
1.646	134.28
1.656	135.55
1.666	133.78
1.676	134
1.686	134.2
1.696	134.27
1.706	135.28
1.716	135.56
1.726	137.93
1.736	138.51
1.746	138.76
1.756	139.79
1.766	139.28
1.776	139.47
1.786	138.72
1.796	139.05
1.806	142.41
1.816	146.25
1.826	145.39
1.836	146.03
1.846	146.54
1.856	146.03
1.866	146.31
1.876	146.96
1.886	146.21
1.896	144.14
1.906	144.06
1.916	143.17
1.926	141.78
1.936	137.86
1.946	137.8
1.956	137.76
1.966	138.04
1.976	135.96
1.986	134.56
1.996	132.18
2.006	131.7
2.016	130.79
2.026	131.19
2.036	131.66
2.046	130.2
2.056	128.43
2.066	129.09
2.076	130.95
2.086	129.09
2.096	127.91
2.106	128.13
2.116	129.19
2.126	129.3
2.136	129.55
2.146	130.9
2.156	131.45
2.166	130.08
2.176	130.82
2.186	133.46
2.196	131.56
2.206	131.27
2.216	130.14
2.226	129.21
2.236	128.91
2.246	130.01
2.256	129.92
2.266	129.05
2.276	129.48
2.286	130.44
2.296	130.35
2.306	129.18
2.316	130.85
2.326	130.73
2.336	130.8
2.346	130.78
2.356	130.98
2.366	132.44
2.376	133.71
2.386	132.94
2.396	132.64
2.406	133.23
2.416	131.05
3.276	150.59
3.286	146.81
3.296	141.11
3.306	141.02
3.316	141.78
3.326	143.55
3.336	142.19
3.346	146.05
3.356	153.07
3.366	149.8
3.376	153.39
3.386	153.26
3.396	149.07
3.406	144.64
3.416	149.72
3.426	147.17
3.436	152.21
3.446	153.25
3.456	153.92
3.466	147.41
3.476	143.38
3.486	145.34
3.496	145.66
3.506	144.63
3.516	141.47
3.526	145.32
3.536	145.26
3.546	144.66
3.556	147
3.606	154.94
3.616	153.9
3.626	153.05
3.636	151.8
3.646	149.67
3.656	149.01
3.666	147.85
3.676	148.06
3.686	147.61
3.696	142.85
3.706	137.26
3.716	138.01
3.726	140.38
3.736	140.73
3.746	139.67
3.756	144.33
3.766	147.36
3.776	151.61
3.786	151.66
3.796	149.38
3.806	146.08
3.816	143.57
3.826	141
3.836	136.43
3.846	138.79
3.856	138.05
3.866	136.38
3.876	136.01
3.886	134.7
3.896	135.47
3.906	136.18
3.916	135.81
3.926	134.83
3.936	136.15
3.946	135.29
3.956	136.3
3.966	134.49
3.976	135.07
3.986	135.39
3.996	136.67
4.006	138.67
4.016	140.09
4.026	143.37
4.036	147.06
4.046	145.72
4.056	146.05
4.066	148.58
4.076	150.07
4.086	152.39
4.096	155.77
4.106	157.43
4.116	157.3
4.126	155.74
4.136	162.86
4.146	159.61
4.156	156.82
4.206	154.58
4.216	148.62
4.226	142.37
4.236	144.52
4.246	138.48
4.256	138.29
4.266	139.43
4.276	139.23
4.286	140.44
4.296	140.01
4.306	141.44
4.316	139.61
4.326	139.4
4.336	142.86
4.346	142.07
4.696	132.73
4.706	139.29
4.716	136.27
4.726	136.01
4.736	135.73
4.746	136.32
4.796	160.3
4.806	149.45
4.816	147.88
4.826	147.69
4.836	147.07
4.846	144.93
4.856	144.59
4.866	143.67
4.876	143.99
4.886	145.2
4.896	144.56
4.906	142.11
4.916	142.22
4.926	141.41
4.936	139.93
4.946	141.64
4.956	143.76
4.966	143.23
4.976	141.92
4.986	140.7
4.996	138.4
5.006	136.11
5.016	137.72
5.026	138.23
5.036	139.03
5.046	141.98
5.056	143.15
5.066	146.6
5.076	146.09
5.086	150.91
5.096	151.64
5.106	153.12
5.116	154.58
5.126	155.09
5.136	154.79
5.146	154.85
5.156	157.25
5.166	157.61
5.176	155.25
5.186	157.99
5.196	159.47
5.206	158.95
5.216	158.77
5.226	158.49
5.236	157.42
5.246	158.55
5.256	158.13
5.266	157
5.276	154.68
5.346	155.39
5.356	151.1
5.366	149.66
5.376	147.6
5.386	144.84
5.396	143.08
5.406	146.61
5.416	146.65
5.426	147.22
5.436	147.58
5.446	146.46
5.456	146.03
5.466	146.53
5.476	145.52
5.486	143.48
5.496	143.79
5.506	146.44
5.516	148.79
5.526	146.38
5.536	145.94
5.546	144.52
5.556	142.55
5.566	140.4
5.576	138.45
5.586	137.37
5.596	137.03
5.606	137.8
5.616	138.34
5.626	138.78
5.636	140.04
5.646	140.91
5.656	145.89
5.666	141.77
5.676	143.9
5.686	145.66
5.696	147.07
5.706	147
5.716	147.81
5.726	148.34
5.736	148.16
5.746	146.79
5.756	143.15
5.766	141.92
5.776	134.65
5.786	135.77
5.796	137.38
5.806	138.06
5.816	147.49
5.826	145.73
5.836	138.74
5.846	145.8
5.856	143.3
5.866	133.39
5.876	133.08
5.886	133.17
5.896	131.52
5.906	129.06
5.916	131.1
5.926	126.33
5.936	133.06
5.946	126.6
5.956	131.32
5.966	127.47
5.976	130.63
5.986	130.43
5.996	130.16
6.006	130.52
6.016	129.29
6.026	130.88
6.036	131.55
6.046	131.63
6.056	131.65
6.066	130.85
6.076	130.94
6.086	132.03
6.096	130.89
7.116	154.99
7.126	129.3
7.136	124.29
7.146	141.54
7.156	132.59
7.166	133.06
7.176	132.64
7.186	130.71
7.196	125.07
7.206	125.75
7.216	125.5
7.226	128.28
7.236	125.27
7.246	128.17
7.256	124.97
7.266	123.38
7.276	120.35
7.286	139.96
7.296	142.01
7.306	140.76
7.616	128.95
7.626	132.18
7.636	133.44
7.646	134.24
7.656	135.14
7.666	138.23
7.676	137.88
7.686	139.13
7.696	145.67
7.706	150.3
7.716	150.59
7.726	150.78
7.736	152.35
7.746	154.22
7.756	153.63
7.766	155.44
7.776	153.52
7.786	147.91
7.796	143.33
7.806	141.28
7.816	140.84
7.826	140.32
7.836	143.17
7.846	151.23
7.856	151.78
7.896	144.78
7.906	121.37
7.916	138.11
7.926	133.37
7.936	135.29
7.946	131.3
7.996	138.24
8.006	141.95
8.016	143.26
8.026	144.6
8.036	145.57
8.046	146.83
8.056	147.43
8.066	149.91
8.076	150.51
8.086	148.89
8.096	146.72
8.106	144.53
8.116	143.63
8.126	139.85
8.136	135.73
8.146	132.43
8.156	130.99
8.276	139.19
8.286	136.98
8.296	141.16
8.306	135.05
8.316	137.6
8.326	135.67
9.266	170.89
9.276	143.35
9.286	142.64
9.296	145.1
9.306	140.95
9.316	140.12
9.326	142.22
9.336	141.35
9.346	142.49
9.356	143.3
9.366	145.99
9.376	145.37
9.386	145.9
9.396	148.85
9.406	159.86
9.416	153.64
9.426	149.64
9.436	145.39
9.446	137.89
9.456	139.74
9.466	135.83
9.476	137.69
9.486	129.04
9.496	128.07
9.506	126.84
9.516	124.98
9.526	122.41
9.536	124.47
9.546	124.19
9.556	132.66
9.566	127.01
9.576	127.58
9.586	128.95
9.596	129.32
9.606	129.14
9.616	128.75
9.626	128.56
9.636	128.83
9.646	128.63
9.656	128.15
9.666	126.66
9.676	126.92
9.686	126.57
9.696	123.8
9.706	123.88
9.716	126.03
9.726	123.07
9.736	123.16
9.746	121.87
9.756	124.57
9.766	124.97
9.776	123.44
9.786	124.1
9.796	124.79
9.806	121.62
9.986	140.43
9.996	138.94
10.006	140.73
10.016	140.3
10.026	141.64
10.036	141.47
10.046	142.56
10.056	143.51
10.066	143.36
10.076	146.08
10.086	146.1
10.096	146.03
10.106	145.31
10.116	145.42
10.126	146.24
10.136	145.85
10.146	143.42
10.156	146.69
10.166	145.95
10.176	144.88
10.186	149.17
10.196	143.16
10.206	146.1
10.216	142.99
10.226	139.88
10.236	135.97
10.246	136.95
10.256	135.79
10.266	132.41
10.276	130.42
10.286	128.4
10.296	129.58
10.306	128.1
10.316	127.73
10.326	127.88
10.336	127.89
10.346	127.1
10.356	126.85
10.366	126.7
10.376	126.05
10.386	124.63
10.396	128.12
10.406	127.88
10.416	125.68
10.426	128.64
10.506	140.73
10.516	138.81
10.526	134.59
10.536	134.81
10.546	148.36
10.556	139.18
11.666	154.87
11.676	143.66
11.686	138.21
11.696	138.56
11.706	137.64
11.716	137.96
11.726	137.77
11.736	136.87
11.746	137
11.756	136.81
11.766	136.95
11.776	135.34
11.786	138.5
11.796	137.67
11.806	138.68
11.956	153.21
11.966	153.72
11.976	154.81
11.986	156.72
11.996	158.13
12.006	159.22
12.016	161.54
12.026	163.46
12.036	165.85
12.046	167.04
12.056	169.38
12.066	172.76
12.076	172.27
12.086	174.61
12.096	175.49
12.106	177.37
12.116	177.71
12.126	178.3
12.136	179.39
12.146	180.81
12.156	179.38
12.166	177.83
12.176	178.68
12.186	178.54
12.196	178.41
12.206	178.84
12.216	178.56
12.226	178.25
12.236	177.93
12.246	179.02
12.256	178.31
12.266	178.14
12.276	177.93
12.336	155.87
12.346	155.56
12.356	153.24
12.366	150.59
12.376	150.46
12.386	149.12
12.396	149.9
12.406	151.67
12.416	153.09
12.426	153.91
12.436	152.8
12.446	151.24
12.456	151.04
12.466	151.92
12.476	151.65
12.486	151.68
12.496	152.54
12.506	152.21
12.546	148.06
12.556	148.08
12.566	147.14
12.576	146.89
12.586	145.5
12.596	145.28
12.606	145.02
12.616	143.66
12.626	141
12.636	138.69
12.646	139.36
12.656	140.17
12.666	140.03
12.676	139.42
12.686	138.84
12.696	136.85
12.706	135.67
12.716	133.37
12.726	131.25
12.736	130.49
12.746	132.45
12.756	134.03
12.766	132.17
13.176	142.19
13.186	130.64
13.196	124.05
13.206	124.62
13.216	131.12
13.226	131.76
13.236	131.82
13.246	132.52
13.256	133.13
13.266	132.34
13.276	132.79
13.286	132.17
13.296	130.54
13.306	130.5
13.316	130.9
13.356	153.94
13.366	159.79
13.376	161.58
13.386	162
13.396	162.73
13.406	164.43
13.416	165.19
13.426	164.88
13.436	164.59
13.446	162.38
13.456	161.01
13.466	159.21
13.476	154.39
13.486	149.97
13.496	143.96
13.506	139.3
13.516	135.87
13.526	133.42
13.536	131.92
13.546	131.26
13.556	130.2
13.566	131.33
13.576	131.83
13.586	131.77
13.596	131.49
13.606	132.04
13.616	132.68
13.626	133.57
13.636	133.72
13.646	129.92
13.856	147.23
13.866	148.75
13.876	149.29
13.886	148.8
13.896	145.78
13.906	141.24
13.996	139.19
14.006	127.65
14.016	137.34
14.026	135.62
14.756	188.3
14.766	193.34
14.776	195.56
14.786	194.64
14.796	196.37
14.806	193.86
14.816	192.08
14.826	192.25
14.836	191.99
14.846	181.67
14.856	179.19
14.866	169.98
14.876	163.4
14.886	171.27
14.896	165.63
14.906	171.83
14.916	169.71
14.926	161.26
14.936	173.45
14.946	179.41
14.976	172.33
14.986	149.69
14.996	137.12
15.006	137.39
15.016	136.5
15.026	137.16
15.036	137.29
15.046	136.99
15.056	137.43
15.066	138.91
15.076	137.34
15.086	137.6
15.096	135.6
15.106	135.31
15.116	135.21
15.126	135.34
15.136	136.32
15.146	135.96
15.156	136
15.166	138.14
15.176	138.65
15.186	139.42
15.196	140.86
15.206	138.27
15.216	137.11
15.226	135.96
15.236	135.74
15.246	135.12
15.256	137.08
15.266	135.86
15.276	135.07
15.286	134.46
15.296	134.2
15.306	134.22
15.316	135.3
15.326	137.41
15.336	138.85
15.346	140.55
15.356	142.01
15.366	142.5
15.376	146.54
15.386	147.15
15.396	148.94
15.406	151.18
15.416	153.54
15.426	153.62
15.436	151.88
15.446	158.18
15.456	153.3
15.466	152.22
15.476	153.96
15.486	153.29
15.496	151.3
15.506	146.85
15.516	146.34
15.526	147
15.536	146.62
15.546	145.48
15.556	146.57
15.566	146.21
15.576	146.79
15.586	147.2
15.596	146.17
15.606	145.18
15.616	143.53
15.626	146.4
15.636	146.29
15.646	144.55
15.656	144.73
15.666	143.9
15.676	145.01
15.686	143.35
15.696	139.63
15.706	139.58
15.716	139.39
15.726	140.24
15.736	139.73
15.746	139.78
15.756	140.96
15.766	140.13
15.776	139.95
15.786	140.94
15.796	141.29
15.806	139.8
15.816	140.41
15.826	137.87
15.836	139.26
15.846	136.86
15.856	135.3
15.866	133.16
15.876	134.32
15.886	135.77
15.896	136.43
15.906	136.25
15.916	137.56
15.926	136.63
15.936	136.2
15.946	134.67
15.956	134
15.966	133.66
15.976	134.03
15.986	137.23
15.996	145.17
16.006	143.85
16.016	139.71
16.026	148.02
16.036	147.57
16.046	148.69
16.056	148.29
16.066	148.31
16.076	154.34
16.086	158.37
16.096	159.87
16.106	156.24
16.116	154.32
16.126	151.67
16.136	139.1
16.146	149.74
16.156	149.24
16.166	145.23
16.176	146.17
16.256	153.64
16.266	148.39
16.276	140.41
16.286	135.99
16.296	135.24
16.306	135.01
16.316	136.78
16.326	133.54
16.336	131.7
16.346	137.64
16.396	133.82
16.406	135.22
16.416	135.96
16.426	134.94
16.436	131.8
16.446	130.17
16.456	130.66
16.466	129.88
16.476	130
16.486	130.57
16.496	131.8
16.506	131.43
16.516	131.81
16.526	129.91
16.536	131.1
16.546	126.67
16.556	133.72
16.566	130.89
16.596	146.62
16.606	148.48
16.616	155.45
16.626	154.16
16.636	154.06
16.646	155.79
16.656	161.69
16.666	165.63
16.676	169.48
16.686	170.76
16.696	171.97
16.706	170.85
16.716	169.11
16.726	165.07
16.736	159.48
16.746	160.66
16.756	161.36
16.766	161.85
16.776	164.99
16.786	166.5
16.796	167.36
16.806	159.88
16.816	148.75
16.826	143.74
16.836	137.04
16.846	135.39
16.856	138
16.866	137.2
16.876	133.59
16.886	133.92
16.896	139.73
16.906	137.36
16.916	140.35
16.926	135.83
16.936	139.1
16.946	143.41
16.956	143.31
16.966	143.79
16.976	143.17
16.986	142.14
16.996	141.36
17.006	141.72
17.016	139.38
17.026	137.35
17.036	136.24
17.046	137.39
17.056	134.91
17.066	133.17
17.076	133.3
17.086	136.4
17.096	138.51
17.106	138.69
17.116	145.96
17.126	146.04
17.136	147.6
17.146	148.15
17.156	148.55
17.166	149.45
17.176	148.59
17.186	146.88
17.196	145.89
17.206	144.32
17.216	141.63
17.226	139.95
17.236	138.85
17.246	136.27
17.256	134.74
17.266	132.87
17.276	130.65
17.286	128.22
17.296	129.3
17.306	129.89
17.316	127.75
17.326	128.92
17.336	128.11
17.346	128.6
17.356	134.86
17.366	131.66
17.376	134.5
17.386	130.72
17.396	132.11
17.406	127.46
17.416	131.08
17.556	136.4
17.566	128.19
17.576	123.22
17.586	134.29
17.596	131.24
17.606	130.41
17.616	128.39
17.626	127.8
17.636	127.6
17.646	127.67
17.656	127.36
17.666	127.79
17.676	128.32
17.686	128.68
17.696	130.02
17.706	131.73
17.716	133.79
17.726	133.53
17.736	132.27
17.746	134.24
17.756	131.85
17.766	130.19
17.776	131.17
17.786	130.9
17.796	130.95
17.806	130.37
17.816	143.74
17.826	142.91
17.836	135.57
17.846	135.5
17.856	136.93
17.866	134.62
17.876	132.13
17.886	135.82
17.896	138.86
17.906	138.87
17.916	144.62
17.926	144.38
17.936	145.82
17.946	145.13
17.956	143.68
17.966	141.21
17.976	139.71
17.986	137.25
17.996	136.25
18.006	134.35
18.016	134.12
18.026	135.07
18.036	134.4
18.046	136.19
18.056	135.45
18.066	137.42
18.076	140.78
18.086	149.35
18.096	150.25
18.106	151.5
18.116	153.2
18.126	161.5
18.136	165.48
18.146	161.47
18.156	167.1
18.166	167.45
18.176	167.72
18.186	166.72
18.196	162.89
18.206	160.75
18.216	157.95
18.226	148.51
18.246	146.34
18.256	147.94
18.266	158.24
18.276	146.97
18.286	138.23
18.296	154.68
18.306	159.67
18.316	155.08
18.956	141.82
18.966	135.02
18.976	133.42
18.986	133.03
18.996	134.67
19.006	133.03
19.016	133.71
19.026	135.78
19.036	131.22
19.046	135.35
19.056	133.5
19.066	134.1
19.076	134.09
19.086	136.75
19.096	135.68
19.106	136.15
19.116	136.75
19.126	138.13
19.136	139.17
19.146	140.73
19.156	141.86
19.166	141.71
19.176	142.11
19.186	141.62
19.196	141.1
19.206	139.99
19.216	141.76
19.226	139.97
19.236	147.95
19.246	150.71
19.256	152.19
19.266	148.2
19.276	142.2
19.286	137.54
19.296	139.71
19.306	137.38
19.316	132.21
19.326	137.06
19.336	133.51
19.346	133.09
19.356	124.88
19.366	130.04
19.376	129.9
19.386	130.22
19.396	129.47
19.406	128.86
19.486	126.64
19.496	123.39
19.506	130.07
19.516	130.1
19.526	129.92
19.536	130.03
19.546	136.01
19.556	136.26
19.566	135.28
19.576	136.6
19.586	139.86
19.596	138.35
19.606	136.6
19.616	135.85
19.626	135.09
19.636	133.18
19.646	132.12
19.656	132.96
19.666	133.7
19.676	136.14
19.686	137.21
19.696	139.09
19.706	137.56
19.716	137.59
19.726	138.19
19.736	138.38
19.746	140.22
19.756	140.84
19.766	140.45
19.776	139.08
19.786	139.26
19.796	142.57
19.806	144.05
19.816	145.82
19.826	146.41
19.836	148.56
19.846	148.85
19.856	150.41
19.866	151.82
19.876	151.93
19.886	157.55
19.896	152.69
19.906	153.63
19.916	156.04
19.926	154.3
19.936	148.37
19.946	151.93
19.956	146.66
20.916	132.84
20.926	137.37
20.936	134.3
20.946	132.5
20.956	134.12
20.966	134.34
20.976	135.79
20.986	133.77
21.086	146.92
21.096	142.91
21.106	143.55
21.116	141.88
21.126	140.93
21.136	140.69
21.146	139.57
21.156	138.9
21.166	137.07
21.176	135.98
21.186	134.69
21.196	134.91
21.206	133.07
21.216	130.17
21.226	128.38
21.236	129.33
21.246	125.36
21.256	125.06
21.266	102.27
21.276	100.41
21.286	119.71
21.296	117.83
21.306	120.47
21.316	118.72
21.326	116.52
21.336	120.14
21.346	114.02
21.356	118.58
21.366	116.25
21.376	116.65
21.386	114.67
21.396	133.03
21.406	133
21.686	129.9
21.696	130.6
21.706	130.2
21.716	130.35
21.726	127.91
21.736	128.79
21.746	130.35
21.786	136.08
21.796	139.27
21.806	138.94
21.816	137.79
21.826	135.08
21.836	135
21.846	136.03
21.856	135.45
21.866	136.84
21.876	136.92
21.886	136.82
21.896	137.06
21.906	137.29
21.916	136.85
21.926	136.13
21.936	136.59
21.946	137.14
21.956	137.22
21.966	136.91
21.976	136.01
21.986	136.18
21.996	136.37
22.006	134.21
22.016	134.43
22.026	133.34
22.036	140.39
22.046	140.23
22.056	139.87
22.066	139.32
22.076	138.7
22.086	138.46
22.096	136.64
22.106	135.93
22.116	134.49
22.126	133.53
22.136	132.37
22.146	132.35
22.156	132.99
22.166	133.5
22.176	134.59
22.186	135.59
22.196	135.49
22.206	134.52
22.216	137.71
22.226	144.1
22.236	145.13
22.246	146.08
22.256	146.78
22.266	147.91
22.276	147.38
22.286	148.04
22.296	147.26
22.306	146.02
22.316	145.87
22.326	144.57
22.336	141.86
22.346	137.83
22.356	137.44
22.366	138.71
22.376	136.56
22.386	135.79
22.396	133.98
22.406	133.87
22.416	132.12
22.426	130.21
22.436	130.17
22.446	130.2
22.456	130.44
22.466	128.19
22.476	130.81
22.486	130.01
22.496	130.2
22.506	127.79
22.516	129.32
22.526	130.73
22.536	132.43
22.546	133.18
22.556	135.04
22.566	134.09
22.576	134.34
22.756	130.24
22.766	129.54
22.776	131.29
22.786	131.22
22.796	134.95
22.806	136.55
22.816	135.86
22.826	132.4
22.836	133.78
22.846	133.49
22.856	135.5
23.036	138.23
23.686	127.01
23.696	126.75
23.706	131.04
23.716	131.18
23.726	136.18
23.736	134.89
23.746	135.76
23.756	140.7
23.766	141.72
23.776	142.24
23.786	149.15
23.796	154.42
23.806	155.8
23.816	160.34
23.826	164.37
23.836	162.2
23.846	162.08
23.856	163.08
23.866	163.42
23.876	163.88
23.886	163.79
23.896	162.76
23.906	159.23
23.916	163.22
23.926	164.09
23.936	164.13
23.946	161.22
24.046	166.92
24.056	153.2
24.066	149.93
24.076	147.14
24.086	144.29
24.096	143.68
24.106	143.51
24.116	143.35
24.126	143.13
24.136	139.65
24.146	141.66
24.156	141.76
24.166	142.98
24.176	142.94
24.186	142.76
24.196	143.25
24.206	135.62
24.216	139.15
24.226	137.26
24.236	142.79
24.246	135.95
24.256	133.91
24.266	132.17
24.276	129.69
24.286	128.74
24.296	129.05
24.306	129.4
24.316	130.32
24.326	131.8
24.336	130.77
24.346	131.11
24.356	130.67
24.366	130.65
24.376	127.64
24.386	129.6
24.396	133.83
24.406	126.09
24.436	129.55
24.446	129.81
24.456	127.52
24.466	125.37
24.526	107.49
24.536	137.95
24.546	139.99
24.556	142.91
24.566	143
24.576	141.57
24.586	142.02
24.596	144.44
24.606	142.34
24.616	142.05
24.626	145.49
24.636	143.67
24.646	141.88
24.656	140.27
24.666	133.34
24.676	134.89
24.686	134.68
24.696	136.11
24.706	126
24.716	131.48
24.726	139.81
24.736	136
24.746	136.07
24.756	135.99
24.936	100.49
24.946	99.26
24.976	193.56
24.986	201.46
24.996	205.28
25.006	204.43
25.016	206.86
25.146	136.71
25.156	143.69
25.166	135.77
25.336	140.54
25.346	141.43
25.356	137.48
25.366	137.6
25.396	147.87
25.406	144.62
25.576	109.9
25.586	117.68
25.596	111.67
25.606	115.54
25.876	166.6
25.886	161.67
25.896	159.48
25.906	159.86
25.916	160.77
25.926	162.67
25.936	163.43
25.946	164.69
25.956	166.19
25.966	167.25
25.976	168.87
25.986	170.91
25.996	170.8
26.006	170.17
26.016	171.65
26.026	166.6
26.156	141.36
26.166	140.26
26.176	139.19
26.186	138.54
26.196	136.88
26.206	135.33
26.216	137.02
26.226	135.72
26.236	137.07
26.246	137.85
26.256	134.91
26.266	135.3
26.276	139.8
26.286	140.24
26.296	139.87
26.306	139.14
26.316	137.78
26.326	136.72
26.336	135.83
26.346	135.05
26.356	132.83
26.366	131.3
26.376	129.83
26.386	128.16
26.396	130.19
26.406	129.79
26.416	129.28
26.426	131.19
26.436	130.67
26.446	133.16
26.456	127.86
26.466	132.24
26.476	133.04
26.486	132.57
26.496	130.83
27.056	139.69
27.066	138.57
27.076	134.88
27.086	133.27
27.096	133.12
27.106	132.15
27.116	129.99
27.126	130.92
27.136	130.89
27.146	130.92
27.156	131.84
27.166	131.66
27.176	131.74
27.186	132.03
27.196	132.19
27.206	132.81
27.216	132.49
27.226	132.8
27.236	133.04
27.246	132.85
27.256	133.11
27.266	133
27.276	133.16
27.286	132.46
27.296	132.88
27.306	131.27
27.316	132.54
27.326	132.01
27.336	129.89
27.346	131.17
27.356	132.71
27.756	134.41
27.766	134.5
27.776	131.97
27.786	129
27.796	129.21
27.806	130.05
27.816	128.98
27.826	130.02
27.836	128.1
27.846	128.53
27.856	128.73
27.866	131.1
27.876	130.82
27.886	132.66
27.896	132.67
27.906	140.96
27.916	135.37
27.926	133.54
27.936	133.28
27.946	133.19
27.956	130.94
27.966	129.81
27.976	129.95
27.986	130.07
27.996	129.25
28.006	127.46
28.016	128.15
28.026	127.82
28.036	126.86
28.046	127.45
28.056	126.41
28.066	126.12
28.076	126.01
28.086	125.61
28.096	125.58
28.106	124.81
28.116	124.23
28.126	124.07
28.136	126.44
28.146	127.9
28.156	128.64
28.166	128.25
28.176	129.85
28.416	134.67
28.426	130.27
28.436	133.26
28.446	131.17
28.456	128.39
28.466	130.62
28.476	129.04
28.486	132.16
28.496	131.84
28.506	129.96
28.596	141.25
28.606	136.13
28.616	131.39
28.626	133.55
28.636	133.7
28.646	133.56
28.656	133.7
28.666	135.29
28.676	136.39
28.686	139.7
28.696	144.39
28.706	136.3
28.716	136.5
28.726	137.46
28.736	139.7
