time	f0
0.035	59.44
0.365	66.15
0.375	61.77
0.385	61.83
0.395	62.27
0.405	61.65
0.415	61.04
0.425	60.84
0.435	60.54
0.445	61.87
0.455	61.04
0.465	58.65
0.475	58.51
0.485	62
0.535	60.58
0.545	60.29
0.555	60.75
0.565	62.48
0.575	62.81
0.685	60.37
0.695	60.08
0.705	59.24
0.715	58.65
0.725	58.55
0.735	59.3
0.745	59.86
0.755	59.96
0.765	60.25
0.775	60.29
0.785	61.3
0.795	62.23
0.805	61.54
0.815	62.83
0.825	62.75
0.835	62.72
0.925	50.4
0.935	50.09
0.945	49.47
0.955	49.12
0.965	49.05
0.975	48.96
0.985	48.97
0.995	49.08
1.005	49.13
1.015	49.15
1.025	49.38
1.035	49.93
1.045	50.37
1.055	50.47
1.065	50.38
1.075	50.44
1.085	51.09
1.095	51.55
1.105	52.49
1.115	52.46
1.125	52.85
1.135	54.89
1.145	56.68
1.155	57.19
1.165	57.77
1.175	58.52
1.185	59.27
1.195	60.99
1.205	61.46
1.215	122.83
1.225	122.27
1.235	121.53
1.245	121.11
1.255	119.96
1.265	118.11
1.275	116.58
1.285	115.59
1.295	114.86
1.305	114.53
1.315	113.49
1.325	111.82
1.335	110.36
1.345	109.4
1.355	108.5
1.365	107.67
1.375	106.82
1.385	105.77
1.395	104.37
1.405	103.42
1.415	103.1
1.425	103.11
1.585	56.45
1.595	56.23
1.605	55.31
1.615	53.54
1.625	52.3
1.635	52.32
1.645	52.24
1.655	52
1.665	51.8
1.675	51.53
1.685	51.33
1.695	51.21
1.705	51.22
1.715	51.06
1.725	51.28
1.735	51.32
1.935	63.44
1.945	63.44
1.955	62.14
1.965	62.17
1.975	63.15
1.985	65.1
1.995	64.99
2.045	126.99
2.055	126.61
2.065	124.9
2.075	123.9
2.085	123.28
2.095	122.05
2.105	120.22
2.115	117.77
2.125	114.79
2.135	114.24
2.145	118.7
2.155	119.9
2.165	119.36
2.175	118.72
2.185	119.68
2.195	123.93
2.205	124.77
2.215	121.42
2.225	119.9
2.235	120.29
2.285	59
2.295	58.11
2.305	57.42
2.365	50.07
2.375	49.91
2.385	49
2.395	48.91
2.405	48.7
2.415	48.46
2.425	48.48
2.435	49.78
2.445	49.97
2.475	97.6
2.485	96.76
2.495	96.8
2.505	97.08
2.515	97.38
2.525	99.56
2.535	100.68
2.545	100.41
2.555	99.96
2.655	55.02
2.665	55.2
2.675	55.15
2.685	55.21
2.705	106.42
2.715	105.53
2.725	104.63
2.735	103.73
2.745	103.84
2.755	104.86
2.765	106.07
2.775	105.13
2.785	103.33
2.795	103.66
2.805	103.82
3.455	101.86
3.465	101.57
3.475	100.79
3.485	100.26
3.495	99.48
3.675	52.8
3.685	52.55
3.695	51.61
3.705	50.99
3.715	50.39
3.725	49.99
3.735	50.33
3.745	101.96
3.755	102.49
3.765	102.58
3.775	102.66
3.785	102.68
3.795	102.46
3.805	102.03
3.815	101.36
3.825	100.4
3.835	99.97
3.845	100.29
3.855	100.56
3.865	100.92
3.875	101.52
3.885	100.78
3.895	100.05
3.905	99.96
3.915	100.03
3.925	100.53
3.935	101.72
3.945	102.05
3.955	101.57
3.965	100.57
3.975	100.31
4.295	56.52
4.305	56.93
4.515	64.85
4.525	64.32
4.535	61.27
4.545	62.75
4.555	62.81
4.565	61.89
4.575	61.77
4.725	63.3
4.735	63.34
4.745	63.6
4.755	64.18
4.765	62.48
4.775	62.4
4.785	62.58
4.795	61.24
4.805	59.99
4.815	60.46
5.005	117.34
5.015	118.53
5.025	121.95
5.035	124.31
5.045	127.01
5.055	130
5.065	132.11
5.075	133.23
5.085	133.33
5.095	132.84
5.105	132.76
5.115	133.83
5.125	135.55
5.135	136.06
5.145	135.55
5.155	134.08
5.165	133.06
5.175	133.34
5.185	133.43
5.195	133.37
5.235	142.19
5.245	141.94
5.255	138.58
5.265	137.77
5.275	133.15
5.285	124.66
5.295	121.56
5.305	118.81
5.315	116.74
5.325	113.88
5.335	110.49
5.435	62.61
5.445	62.38
5.455	60.49
5.465	59.95
5.475	58.33
5.485	57.72
5.495	56.87
5.505	56.12
5.515	109.95
5.525	110.11
5.535	111.03
5.545	110.56
5.555	109.45
5.565	108.87
5.575	109.68
5.585	111.16
5.595	113.22
5.605	119.46
5.615	120.49
5.625	121.82
5.635	122.43
5.645	123
5.655	123.49
5.665	122.69
5.675	121.6
5.685	120.57
5.695	117.53
5.705	113.38
5.715	111.32
5.725	109.77
5.735	110.19
5.745	111.18
5.755	111.19
5.765	110.8
5.775	110.47
5.785	110.18
5.795	109.74
5.805	108.89
5.815	107.56
5.825	106.09
5.835	105.72
5.845	53.4
5.855	53.68
5.865	53.83
5.875	53.37
6.035	55.49
6.045	55.53
6.055	54.65
6.065	54.27
6.075	53.9
6.085	52.71
6.095	52.82
6.105	52.75
6.115	52.58
6.295	55.6
6.305	52.54
6.315	52.75
6.325	53.56
6.335	53.13
6.345	52.45
6.425	49.56
6.435	49.11
6.445	48.65
6.625	100.32
6.635	101.56
6.645	102.56
6.655	103.54
6.665	104.01
6.675	103.83
6.685	102.91
6.695	101.49
6.705	100.54
6.715	99.67
6.725	98.96
6.735	98.59
6.745	98.37
6.755	98.25
6.765	98.34
6.775	98.46
6.785	98.43
6.795	98.3
6.805	98.21
6.815	98.24
6.825	98.09
6.835	97.62
6.845	97.48
6.855	97.84
6.865	97.61
6.875	97.1
6.885	97.56
6.895	98.5
6.905	99.46
6.915	49.99
6.925	50
6.935	50.05
6.945	51.13
6.955	51.65
6.965	51.66
6.975	51.53
6.985	50.72
6.995	50.55
7.005	50.67
7.015	50.39
7.025	49.92
7.035	49.74
7.045	49.84
7.055	50.27
7.065	50.52
7.075	50.18
7.085	52.04
7.095	52.89
7.105	54.02
7.115	54.3
7.125	54.33
7.375	54.24
7.385	54.31
7.395	55.44
7.405	55.54
7.415	54.54
7.425	54.24
7.435	49.37
7.445	49.59
7.455	50.1
7.465	49.81
7.475	49.86
7.535	58.33
7.545	58.38
7.555	59.24
7.585	111.12
7.595	110.2
7.605	109.9
7.615	109.53
7.625	109.3
7.635	109.07
7.645	108.27
7.655	107.92
7.665	109.31
7.675	109.88
7.685	109.39
7.695	108.69
7.705	108.46
7.715	109.04
7.805	51.76
7.815	51.6
7.825	49.79
7.835	49.41
7.845	49.07
7.855	48.96
7.865	48.96
7.875	48.19
7.935	140.17
7.945	142.6
7.955	145.1
7.965	146.43
7.975	147.09
7.985	147.17
7.995	146.73
8.005	146.09
8.015	145.94
8.025	146.57
8.035	147.2
8.045	147.15
8.055	146.75
8.065	146.7
8.075	146.63
8.085	146.27
8.095	146.07
8.105	146.1
8.115	144.79
8.125	142.27
8.135	136.89
8.145	129.63
8.155	123.06
8.165	115.29
8.175	111.38
8.185	109.06
8.195	107.68
8.205	104.33
8.215	102.66
8.225	102.83
8.235	103.09
8.245	102.91
8.255	102.94
8.265	103.67
8.275	104.16
8.285	137.39
8.295	142.56
8.305	143.85
8.315	134.16
8.325	131.55
8.335	155.04
8.345	154.78
8.355	156.52
8.365	158.94
8.375	158.98
8.385	157.59
8.395	155.97
8.405	161.73
8.435	82.04
8.445	82.3
8.455	82.37
8.465	82.06
8.475	81.59
8.485	50.79
8.495	51.08
8.505	51.36
8.535	102.15
8.545	101.46
8.555	101.39
8.565	100.98
8.575	101.11
8.585	102.22
8.595	102.51
8.605	102.2
8.615	100.89
8.625	99.1
8.645	51.2
8.655	50.83
8.665	50.69
8.675	51
8.685	51.08
8.695	46.65
8.705	47.02
8.785	50.48
8.795	49.57
8.805	49.54
8.815	50.48
8.825	50.44
8.835	50.41
8.895	153.49
8.905	154.28
8.915	154.19
8.925	152.92
8.935	150.72
8.945	149.09
8.955	139.05
8.965	138.88
8.975	139.46
8.985	137.11
8.995	134.85
9.005	122.69
9.015	123.62
9.025	123.81
9.035	121.73
9.045	120.75
9.055	120.27
9.065	116.59
9.075	112.33
9.085	109.67
9.095	108.28
9.105	107.38
9.155	139.33
9.165	137.83
9.175	141.79
9.185	143.38
9.195	142.63
9.205	143.38
9.215	145.69
9.225	144.6
9.235	143.45
9.245	144.49
9.405	48.55
9.415	48.5
9.425	48.95
9.435	49.25
9.445	48.71
9.455	48.4
9.465	48.33
9.475	48.26
9.485	48.46
9.495	49.11
9.505	49.48
9.515	49.47
9.525	49.26
9.535	49.03
9.545	48.86
9.555	48.73
9.565	48.93
9.575	49.19
9.585	49.44
9.595	49.9
9.605	50.45
9.615	51.12
9.625	51.13
9.635	51.01
9.645	51.05
9.655	102.08
9.665	102.11
9.675	102.67
9.685	103.21
9.695	103.43
9.705	103.52
9.715	103.53
9.725	103.43
9.735	103.23
9.745	102.93
9.755	102.72
9.765	102.19
9.775	101.02
9.785	100.24
9.795	101.08
9.805	102.42
9.815	102.52
9.825	101.94
9.975	96.28
9.985	96.37
9.995	96.68
10.005	97.16
10.085	49.44
10.095	49.52
10.105	49.76
10.115	50.01
10.185	48.3
10.195	48.32
10.205	48.75
10.215	48.94
10.225	49.4
10.235	49.33
10.245	48.77
10.255	48.65
10.265	48.92
10.275	49.08
10.285	49.19
10.295	49.39
10.305	49.71
10.315	50
10.325	50.54
10.335	51.11
10.345	50.92
10.355	51.09
10.365	51.59
10.375	51.79
10.385	51.91
10.395	52.03
10.405	52.04
10.415	52.1
10.425	52.09
10.435	51.94
10.445	51.85
10.455	51.92
10.465	52.21
10.475	52.32
10.485	52.21
10.495	69.2
10.505	69.4
10.695	56.89
10.705	56.57
10.715	56.51
10.725	59.59
10.735	60.13
10.745	60.17
11.285	123.87
11.295	124.89
11.305	125.32
11.315	125.73
11.505	109.92
11.515	108.53
11.525	106.57
11.535	104.35
11.545	101.25
11.555	98.61
11.565	102.91
11.575	104.34
11.585	104.39
11.595	104.61
11.605	105.77
11.615	113.33
11.625	116.74
11.635	121.23
11.645	124.82
11.655	128.14
11.665	131.54
11.675	134.04
11.685	135.38
11.695	136.35
11.705	136.72
11.715	136.4
11.725	135.39
11.735	133.36
11.745	130.62
11.755	128.45
11.765	126.49
11.775	125.49
11.785	125.16
11.795	124.94
11.805	124.71
11.815	124.55
11.825	124.44
11.835	124.01
11.845	123.05
11.855	121.06
11.865	118.09
11.875	115.53
11.885	112.78
11.895	109.27
11.905	107.69
11.915	107.13
11.925	106.86
11.935	106.97
11.945	107.04
11.955	108.01
11.965	108.62
11.975	108.72
11.985	108.88
11.995	109.66
12.005	111.39
12.015	111.98
12.025	111.98
12.035	111.78
12.045	110.95
12.055	108.69
12.065	106.36
12.075	105.58
12.085	105.37
12.095	104.84
12.105	104.13
12.115	103.42
12.125	102.55
12.135	101.36
12.145	99.51
12.155	98.11
12.165	98.76
12.175	100.81
12.185	101.75
12.195	102.69
12.205	104.27
12.265	124.3
12.275	122.21
12.285	118.42
12.295	113.8
12.305	111.03
12.315	52.22
12.325	51.78
12.335	49.72
12.345	49.4
12.355	49.75
12.365	49.99
12.575	99.87
12.585	99.09
12.595	98.37
12.605	98.24
12.615	98.47
12.625	98.56
12.635	98.17
12.645	97.21
12.655	97.23
12.665	98.4
12.675	99.06
12.685	99.41
12.695	99.39
12.705	99.15
12.715	98.88
12.725	98.48
12.735	98.06
12.745	97.7
12.755	97.23
12.765	96.45
12.775	95.49
12.785	94.78
12.795	94.55
12.805	95.13
12.815	96.18
12.825	96.67
12.835	96.9
12.845	97.91
12.905	49.13
12.915	49.06
13.605	54.64
13.615	59.67
13.625	60.24
13.635	60.4
13.835	52.36
13.845	48.86
13.855	47.77
13.865	49.25
13.875	52.35
13.885	55.26
13.895	58.9
13.905	58.08
13.915	56.32
13.925	55.76
13.935	55.45
13.945	54.85
13.955	54.92
13.965	54.95
13.975	55.51
13.985	56.15
13.995	56.06
14.005	56.02
14.015	56.07
14.025	56.15
14.035	56.09
14.045	55.97
14.055	56.02
14.065	57.41
14.075	57.37
14.085	57.22
14.265	61.43
14.275	58.36
14.285	56.5
14.295	54.78
14.305	54.85
14.385	142.4
14.395	143.78
14.405	146.56
14.415	148.02
14.425	144.68
14.435	140.52
14.445	135.46
14.715	47.26
14.725	47.2
14.735	47.49
14.745	49.32
14.755	49.14
14.765	49.43
14.775	49.89
14.785	50.48
14.795	50.45
14.805	49.47
14.815	49.17
14.825	50.16
14.835	50.24
14.845	50.8
14.855	51.09
14.865	51.02
14.875	51.47
15.175	57.92
15.185	57.89
15.195	57.91
15.205	55.93
15.215	55.04
15.225	54.81
15.235	54.39
15.245	53.93
15.255	53.99
