time	f0
0.285	226.1
0.295	204.37
0.305	180.75
0.315	176.11
0.325	172.94
0.335	169.25
0.345	165.93
0.355	163.14
0.365	161.13
0.375	159.35
0.385	157.27
0.395	156.63
0.405	157.21
0.415	155.83
0.425	154.14
0.435	152.77
0.445	151.1
0.455	149.86
0.465	149.13
0.475	148.62
0.485	147.59
0.495	147.58
0.505	147.76
0.515	147.48
0.525	147.89
0.535	148.6
0.545	147.95
0.555	148.37
0.565	148.62
0.575	147.27
0.585	146.37
0.595	145.06
0.605	145.28
0.615	143.96
0.625	144.16
0.635	143.65
0.645	143.75
0.655	142.96
0.665	142.42
0.675	142.53
0.685	141.57
0.695	140.62
0.705	140.69
0.715	140.39
0.725	141.3
0.735	142.21
0.745	142.04
0.755	141.15
0.765	140.45
0.775	139.43
0.785	138.22
0.795	138.28
0.805	136.78
0.815	134.95
0.825	133.6
0.835	133.82
0.845	132.91
0.855	131.36
0.865	130.04
0.875	128.96
0.885	128.19
0.895	124.59
0.905	125.64
0.915	121.73
0.925	121.55
0.935	133.03
3.285	189.97
3.295	186.76
3.305	174.07
3.315	168.55
3.325	163.92
3.335	160.85
3.345	157.39
3.355	154.34
3.365	151.04
3.375	148.22
3.385	147.51
3.395	147.5
3.405	146.41
3.415	145.98
3.425	146.12
3.435	147.08
3.445	146.95
3.455	146.38
3.465	146.5
3.475	145.64
3.485	145.66
3.495	145.24
3.505	144.43
3.515	143.88
3.525	141.8
3.535	142.29
3.545	142.21
3.555	141.16
3.565	139.13
3.575	138.98
3.585	126.59
5.595	243.25
5.605	215.86
5.615	196.51
5.625	195.69
5.635	196.52
5.645	201.49
5.655	203.82
5.665	207.92
5.675	210.55
5.685	213.38
5.695	217.66
5.705	220.48
5.715	225.14
5.725	231.06
5.735	230.67
5.745	232.19
5.755	230.08
5.765	226.03
5.775	220.77
5.785	217.59
5.795	212.2
5.805	203.33
5.815	189.21
5.825	182.99
5.835	176.64
5.845	168.85
5.855	161.46
5.865	160.9
5.875	159.3
5.885	159.83
5.895	161.05
5.905	161.47
5.915	161.57
5.925	161.96
5.935	163.78
5.945	164.21
5.955	164.1
5.965	167.07
5.975	165.03
5.985	164.12
5.995	154.63
6.005	154.08
6.015	151.8
6.025	151.67
6.035	151.86
6.045	154.48
6.055	154.95
6.065	159.79
6.075	160.25
6.085	157.24
6.095	154.66
6.105	151.37
6.115	149.78
6.125	147.94
6.135	146.18
6.145	143.58
6.155	139.77
6.165	137.34
6.175	135.72
6.185	131.91
6.195	131.52
6.205	129.75
6.215	134.76
6.225	133.83
6.235	133.95
6.245	135.27
6.255	140.78
6.725	208.89
6.735	195.84
6.745	187.52
6.755	182.88
6.765	182.72
6.775	181.43
6.785	175.26
6.795	172.88
6.805	162.93
6.815	168.91
6.825	181.43
6.835	175.26
6.915	188.86
6.925	183.73
6.935	170.84
6.945	167.96
6.955	152.21
6.965	146.05
6.975	142.6
6.985	140.08
6.995	138.83
7.005	137.24
7.015	134.13
7.025	131.69
7.035	133.49
7.045	133.66
7.055	136.13
7.065	140.46
7.075	141.74
7.085	142.08
7.095	141.63
7.105	139.62
7.115	138.42
7.125	137.42
7.135	136.16
7.145	134.59
7.155	133.42
7.165	139.19
7.175	135.56
7.185	134.77
7.195	132.45
7.205	127.93
7.215	136.53
7.225	138.81
7.235	140.51
7.245	139.71
7.255	138.6
7.265	138.78
7.275	137.42
7.285	137.9
7.295	136.15
7.305	135.71
7.315	134.11
7.325	136.23
7.335	137.4
7.345	139.37
7.355	143.51
7.365	145.12
7.375	146.59
7.385	150.1
7.395	153.04
7.405	156.5
7.415	159.73
7.425	161.06
7.435	163.73
7.445	163.3
7.455	162.65
7.465	160.44
7.475	159.48
7.485	156.86
7.495	153.86
7.505	149.62
7.515	145.07
7.525	143.14
7.535	139.88
7.545	139.25
7.555	138.1
7.565	136.78
7.575	136.64
7.585	136.68
7.595	138.06
7.605	137.73
7.615	139.89
7.625	138.18
7.635	140.54
7.645	140.13
8.875	191.46
8.885	178.16
8.895	165.9
8.905	163.72
8.915	164.24
8.925	163.99
8.935	163.25
8.945	162.93
8.955	162.74
8.965	161.26
8.975	160.38
8.985	159.32
8.995	157.86
9.005	156.06
9.015	156.69
9.025	157.79
9.035	159.96
9.045	159.02
9.055	158.88
9.065	155.87
9.075	154.8
9.085	159.84
9.095	162.38
9.105	159.6
9.115	156.12
9.125	152.52
9.135	150.17
9.145	149.3
9.155	145.91
9.165	143.88
9.175	140.82
9.185	139.38
9.195	139
9.205	138.68
9.215	138.47
9.225	138.1
9.235	137.89
9.245	137.26
9.255	136.72
9.265	135.38
9.275	133.88
9.285	132.11
9.295	129.53
9.305	126.48
9.315	126.92
9.325	128.24
9.335	129.05
9.345	128.04
9.355	127.97
9.365	126.53
9.375	126.44
9.385	126.57
9.395	126.08
9.405	125.98
9.415	128.2
9.425	129.05
9.435	131
9.445	134.46
9.455	139.89
9.465	144.13
9.475	150.22
9.485	156.62
9.495	172.38
9.505	177.55
9.515	183.83
9.525	192.32
9.535	202.6
9.545	210.46
9.555	218.24
9.565	222.22
9.575	219.75
9.585	219.85
9.595	222.5
9.605	220.12
9.615	214.26
9.625	204.04
9.635	196.16
9.645	187.92
9.655	196.65
9.665	208.13
9.675	210.6
9.685	200.06
9.695	199.56
9.705	201.8
9.715	212.37
9.755	229.91
9.765	208.28
9.775	197.23
9.785	193.1
9.795	190.63
9.805	187.37
9.815	185.01
9.825	183.93
9.835	179.21
9.845	169.8
9.855	171.2
9.865	183.08
9.875	183.88
9.885	176.4
9.945	183.64
9.955	180.38
9.965	171.25
9.975	163.02
9.985	160.48
9.995	156.68
10.005	151.85
10.015	152.09
10.025	154.93
10.035	153.94
10.045	155.93
10.055	156.4
10.065	156.62
10.075	156.99
10.085	158.12
10.095	158.23
11.305	225.61
11.315	212.16
11.325	176.78
11.335	161.89
11.345	158.47
11.355	155.2
11.365	150.87
11.375	149.17
11.385	148.11
11.395	146.7
11.405	145.09
11.415	142.96
11.425	143.09
11.435	141.98
11.445	141.36
11.455	140.23
11.465	140.47
11.475	139.17
11.485	138.26
11.495	136.4
11.505	136.04
11.515	135.75
11.525	134.93
11.535	134.64
11.545	134.68
11.555	134.23
11.565	133.52
11.575	132.95
11.585	132.23
11.595	132.65
11.605	132.7
11.615	132.43
11.625	130.92
11.635	130.48
11.645	130.49
11.655	130.69
11.665	131.22
11.675	130.62
11.685	130.96
11.695	130.06
11.705	129.81
11.715	128.79
11.725	127.72
11.735	127.25
11.745	127.94
11.755	127.86
11.765	127.73
11.775	127.82
11.785	127.74
11.795	128.22
11.805	127.67
11.815	127.87
11.825	127.64
11.835	127.25
11.845	126.85
11.855	126.71
11.865	126.65
11.875	125.88
11.885	125.69
11.895	124.63
11.905	124.54
11.915	124.13
11.925	123.44
11.935	123.25
11.945	123.81
11.955	123.66
11.965	122.72
11.975	122.49
11.985	120.5
11.995	119.11
14.765	230.81
14.775	223.26
14.785	196.8
14.795	187.72
14.805	171.47
14.815	164.9
14.825	162.44
14.835	159.45
14.845	156.54
14.855	154.33
14.865	145.75
14.875	149.67
14.885	151.16
14.895	153.68
14.905	153.49
14.915	152.35
14.925	152.68
14.935	155.39
14.945	161.22
14.955	162.94
14.965	165.61
14.975	166.97
14.985	165.2
14.995	164.8
15.005	168.69
15.015	173.27
15.025	177.27
15.035	178.21
15.045	173.91
15.055	168.39
15.065	164.72
15.075	175.4
15.085	168.67
15.095	171.96
15.105	167.52
15.115	160.23
15.125	158.2
15.135	154.68
15.145	152.31
15.155	151.08
15.165	147.77
15.175	149.26
15.185	156.86
15.195	157.48
15.205	154.75
15.215	152.41
15.225	149.08
15.235	147.75
15.245	146.39
15.255	144.62
15.265	142.29
15.275	138.44
15.285	142.18
15.295	140.55
15.305	138.78
15.315	137.99
15.325	137.89
15.335	136.29
15.345	135.04
15.355	134.2
15.365	134.12
15.375	134.25
15.385	134.53
15.475	240.74
15.485	226.89
15.495	222.58
15.505	221.24
15.515	221.12
15.525	219.1
15.535	213.65
15.545	205.8
15.555	195.57
15.565	190.31
15.575	180.28
15.585	167.75
15.595	160.01
15.605	149.82
15.615	142.5
15.625	138.82
15.635	134
15.645	121.44
15.655	110.42
15.665	122.36
15.785	160.25
15.795	157.33
15.805	156.44
15.815	150.22
15.825	149.3
15.835	149.12
15.845	148.02
15.855	148.38
15.865	149.49
15.875	150
15.885	151.78
15.895	154.48
15.905	152.52
17.015	217.45
17.025	175.68
17.035	157.82
17.045	146.46
17.055	144.72
17.065	143.25
17.075	143.11
17.085	140.89
17.095	140.11
17.105	141.37
17.115	140.78
17.125	140.53
17.135	139.4
17.145	138.1
17.155	137.3
17.165	134.52
17.175	135.36
17.185	134.39
17.195	134.45
17.205	132.72
17.215	132.65
17.225	132.67
17.235	132.72
17.245	131.97
17.255	131.25
17.265	131.42
17.275	131.75
17.285	131.55
17.295	130.33
17.305	130.6
17.315	128.71
17.325	128.59
17.335	128.22
17.345	128.1
17.355	128.4
17.365	128.7
17.375	128.13
17.385	127.44
17.395	127.81
17.405	130.45
17.415	132.18
17.425	135.03
17.435	136.99
17.445	143.68
17.455	146.66
17.465	142.25
17.475	135.18
17.485	133.13
17.555	192.89
17.565	170.39
17.575	164.66
17.585	123.84
17.595	133.64
17.605	132.26
17.615	135.54
17.625	149.99
17.635	150.83
17.645	150.28
17.655	146.24
17.665	139.86
17.675	139.61
17.815	217.84
17.825	198.67
17.835	195.52
17.845	192.32
17.855	191.24
17.865	192.5
17.875	197.98
17.885	202.08
17.895	206.72
17.905	209.37
17.915	210.71
17.925	210.03
17.935	205.89
17.945	196.1
17.955	206.71
17.965	206.58
17.975	212.58
18.055	215.73
18.065	208.89
18.075	195.98
18.085	191.4
18.095	184.41
18.105	183.47
18.115	179.79
18.125	172.53
18.135	163.8
18.145	157.21
18.155	143.98
18.165	146.15
18.175	152.21
18.185	151.59
18.195	160.1
18.205	159.58
18.215	157.25
18.225	154.71
18.235	150.57
18.245	145.6
18.255	148.83
18.265	147.19
18.275	143.85
18.285	144.53
18.295	141.49
18.305	141.18
18.315	138.73
18.325	151.62
18.335	149.14
18.345	143.45
18.395	218.91
18.405	193.43
18.415	170.77
18.425	166.64
18.435	162.68
18.445	163.42
18.455	162.68
18.465	160.69
18.475	159.93
18.485	158.61
18.495	161.89
18.505	159.15
18.515	157.18
18.525	156.95
18.535	157.83
18.545	158.08
18.555	157.14
18.565	154.64
18.575	154.83
18.585	154.47
18.595	154.48
18.605	153.46
18.615	153.28
18.625	152.5
18.635	153.66
18.645	156.12
18.655	158.12
18.665	159.18
18.935	195.63
18.945	191.41
18.955	186.23
18.965	186.17
18.975	187.47
18.985	190.42
18.995	194.34
19.005	198.18
19.015	198.04
19.025	201.57
19.035	204.55
19.045	205.46
19.055	205.4
19.065	203.94
19.075	202.24
19.085	200.81
19.095	200.19
19.105	199.76
19.115	197.33
19.125	194.44
19.135	190.95
19.145	187.92
19.155	185.36
19.165	178.1
19.175	173.18
19.185	165.92
19.195	165.1
19.205	162.23
19.215	158.34
19.225	158.27
19.235	156.96
19.245	152.64
19.255	151.9
19.265	149.84
19.275	149.43
19.285	149.8
19.295	150.61
19.305	155.38
19.315	159.19
19.325	160.66
19.335	160.2
19.345	158.51
19.355	157.57
19.365	156.67
19.375	157.1
19.385	157.74
19.395	155.77
19.405	153.96
19.415	154.18
19.425	156.43
19.435	157.13
19.445	158.92
19.455	158.65
19.465	158.56
19.475	157.26
19.485	154.82
19.495	153.23
19.505	152.32
19.515	151.07
19.525	149.32
19.535	146.56
19.545	143.89
19.555	141.98
19.565	142.88
19.575	141.51
19.585	141.72
19.595	144.19
19.605	144.84
19.615	146.36
19.625	147.51
19.635	150.09
19.645	152.21
19.655	155.12
19.665	158.96
19.675	161.15
19.685	160.8
19.695	165.01
19.805	242.25
19.815	223.12
19.825	202.89
19.835	185.21
19.845	169.96
19.855	166.1
19.865	162.41
19.875	160.91
19.885	159.85
19.895	158.58
19.905	162.02
19.915	161.73
19.925	158.01
19.935	160.97
19.945	162.54
19.955	163.79
19.965	167.46
19.975	168.39
19.985	169.23
19.995	169.74
20.005	170.63
20.015	168.99
20.025	165.41
20.035	172.54
20.045	170.17
20.055	166.02
20.065	161.85
20.075	153.79
20.085	147.53
20.095	140.06
20.105	134.62
20.215	194.13
20.225	180.29
20.235	182.08
20.245	169.36
20.255	166.28
20.265	163.48
20.275	162.9
20.285	162.14
20.295	148.59
20.305	146.7
20.315	147.16
20.325	154.13
20.395	188.91
20.405	178.02
20.415	168.99
20.425	156.14
20.435	150.01
20.445	141.51
20.455	138.18
20.465	138.6
20.475	136.48
20.485	135.64
20.495	135.87
20.505	137.5
20.515	136.87
20.525	136.3
20.535	135.23
20.545	135.84
20.675	218.15
20.685	183.65
20.695	166.47
20.705	155.71
20.715	146.7
20.725	147.3
20.735	143.1
20.745	141.37
20.755	140.29
20.765	139.69
20.775	137.41
20.785	134.37
20.795	130.38
20.805	139.13
20.815	139.59
20.825	138.24
20.835	137.97
21.345	239.18
21.355	196.81
21.365	170.92
21.375	164.06
21.385	148.4
21.395	142.99
21.405	140.25
21.435	131.9
21.445	138.96
21.455	140.47
21.465	141.53
21.525	224.96
21.535	222.5
21.545	177.73
21.555	167.85
21.565	165.35
21.575	162.39
21.585	158.76
21.595	155.61
21.605	152.02
21.615	147.91
21.625	144.42
21.635	140.67
21.645	133.97
21.655	120.16
21.665	126.2
21.675	134.99
21.685	143.66
21.695	139.06
21.795	206.96
21.805	206.8
21.815	206.75
21.825	204.99
21.835	202.62
21.845	198.15
21.855	201.65
21.965	164.07
21.975	164.31
21.985	153.48
21.995	141.79
22.005	137.01
22.015	135.72
22.025	145.07
22.035	156.02
22.045	155.79
22.055	152.89
22.065	150.22
22.075	145.85
22.085	144.11
22.095	140.66
22.105	137.73
22.115	134.29
22.125	142.39
22.135	145.6
22.145	145.28
22.155	146.78
22.165	146.93
22.175	146.58
22.185	144.54
22.195	142.79
22.205	140.11
22.215	139.03
22.225	139.22
22.235	138.98
22.245	131.1
22.255	138.96
22.265	137.81
22.275	135.35
22.285	137.69
22.295	145.73
22.305	151.26
22.315	155.97
22.325	159.7
22.335	163.16
22.345	167.18
22.355	170.99
22.365	174.76
22.375	178.02
22.385	180.1
22.395	181.16
22.405	178.79
22.415	177.18
22.425	172.96
22.435	169.21
22.445	167.56
22.455	160.92
22.465	151.91
22.475	146.78
22.485	144.55
22.495	138.2
22.505	131.31
22.515	129.18
22.525	114
23.845	208.57
23.855	188.56
23.865	169.76
23.875	151.23
23.885	146.68
23.895	144.2
23.905	143.63
23.915	143.12
23.925	143.32
23.935	140.99
23.945	139.81
23.955	138.31
23.965	137.64
23.975	136.08
23.985	136.11
23.995	135.13
24.005	135
24.015	134.88
24.025	133.76
24.035	133.11
24.045	131.91
24.055	132.16
24.065	132.24
24.075	131.65
24.085	131.46
24.095	130.17
24.105	129.66
24.115	129.52
24.125	127.8
24.135	128
24.145	127.9
24.155	127.99
24.165	127.25
24.175	127.17
24.185	127.72
24.195	127.42
24.205	127.25
24.215	126.2
24.225	125.66
24.235	125.99
24.245	124.66
24.255	125.29
24.265	125.62
24.275	125.62
24.285	125.08
24.295	124.88
24.305	124.97
24.315	125.1
24.325	124.1
24.335	124.4
24.345	123.53
24.355	122.24
24.365	121.78
24.375	120.71
24.385	120.43
24.395	119.67
24.405	120.13
24.415	118.72
24.425	118.47
24.435	119.16
24.445	118.06
24.455	122.74
24.465	118.57
24.475	118.96
24.485	120.49
27.665	163.02
27.675	152.77
27.685	137.4
27.695	138.04
27.705	140.56
27.715	147.41
27.725	151.38
27.735	171.46
27.745	176.57
27.755	173.85
27.765	166.63
27.775	171.3
27.785	167.78
27.795	172.1
27.845	227.34
27.855	200.39
27.865	182.36
27.875	171.43
27.885	164.81
27.895	160.87
27.905	156.32
27.915	152.25
27.925	150.46
27.935	137.97
27.945	151.85
27.955	154.25
27.965	160.93
27.975	156.52
27.985	159.02
27.995	158.21
28.005	155.58
28.015	153.87
28.025	153.61
28.035	154.13
28.045	154.24
28.055	152.83
28.065	160.27
28.075	162.14
28.085	163.9
28.095	165.52
28.105	167.55
28.115	167.11
28.125	161.07
28.135	158.53
28.145	161.06
28.155	170.16
28.165	170.08
28.175	167.3
28.185	161.48
28.195	153.87
28.205	151.14
28.215	155.87
28.225	160.69
28.235	164.83
28.245	168.76
28.255	172.36
28.265	177.2
28.275	182.86
28.285	187.99
28.295	192.64
28.305	198.95
28.315	200.7
28.325	200.03
28.335	201.41
28.345	199.2
28.355	192.1
28.365	180.57
28.375	174.71
28.385	171.01
28.395	166.97
28.405	169.37
28.415	168.83
28.425	165.15
28.525	161.86
28.535	155.01
28.545	145.11
28.555	143.85
28.565	143.59
28.575	144
28.585	144.44
28.595	143.8
28.605	142.11
28.615	141.1
28.625	140.03
28.635	140.69
28.645	141.1
28.655	142.01
28.665	142.23
28.675	141.28
28.685	140.38
28.695	140.32
28.705	141.57
28.715	141.97
28.725	143
28.735	142.72
28.745	143.92
28.755	145.7
28.765	148.3
28.775	151.12
28.785	154.05
28.795	155.15
28.805	156.28
28.815	157.45
28.825	159.22
28.835	159.22
28.845	160.79
28.855	167.5
28.865	177.43
28.875	182.16
29.655	207.99
29.665	173.58
29.675	151.37
29.685	136.08
29.695	126.17
29.745	171.68
29.755	166.71
29.765	167.81
29.775	166.4
29.785	160.66
29.795	141.6
29.875	176.68
29.885	186.73
29.895	185.5
29.905	180.82
29.915	175.99
29.925	170.13
29.935	169.45
29.945	165.8
29.955	160.76
29.965	161.98
29.975	156.1
29.985	155.67
29.995	154.12
30.005	152.31
30.015	147.87
30.025	144.6
30.035	145.02
30.045	143.75
30.055	139.87
30.065	149.29
30.075	149.25
30.085	148.47
30.095	145.18
30.105	142.1
30.115	139.26
30.125	137.8
30.135	137.24
30.145	140.22
30.155	136.93
30.165	138.73
30.175	139.12
30.185	143.55
30.195	152.16
30.205	165.03
30.215	170.3
30.225	174.47
30.235	176.7
30.245	179.83
30.255	178.9
30.265	179.25
30.275	180.86
30.285	181.49
30.295	183.97
30.305	194.87
30.315	203.43
30.325	204.06
30.335	201.26
30.345	199.47
30.355	196.6
30.365	191.92
30.375	190.6
30.385	197.92
30.395	204.64
30.405	201.02
30.485	178.32
30.495	177.26
30.505	175.32
30.515	170.27
30.525	165.4
30.535	164.05
30.545	163.99
30.555	161.78
30.565	160.6
30.575	151.69
30.585	154.31
30.595	153.53
30.605	154.17
30.615	164.22
30.665	164.96
30.675	161.72
30.685	154.98
30.695	149.39
30.705	145.4
30.715	142.13
30.725	143.14
30.735	141.75
30.745	142.02
30.755	144.04
30.765	144.32
30.775	146.23
30.785	146.93
30.795	147.08
30.805	147.57
30.915	147.1
30.925	147.25
31.045	147.07
31.055	143.75
31.065	141.09
31.075	138.91
31.085	138.3
31.095	139.5
31.105	139.53
31.115	138.91
31.125	137.15
31.135	135.37
31.145	135.7
31.155	136.13
31.165	134.57
31.175	135.95
31.185	135.38
31.195	134.45
31.205	132.07
31.215	131.11
31.225	121.37
31.235	130.4
31.245	132.93
31.255	132.33
31.355	189.19
31.365	174.1
31.375	180.86
31.385	183.07
31.395	179.48
31.405	176.75
31.415	177.06
31.425	177.06
31.435	177.21
31.445	177.89
31.455	176.57
31.465	187.72
31.475	202.6
31.485	183.54
32.965	153.55
32.975	145.21
32.985	145.16
32.995	142.99
33.005	143.62
33.015	143.21
33.025	142.57
33.035	157.44
33.045	149.44
33.055	148.49
33.065	147.65
33.075	146.21
33.085	145.89
33.095	143.35
33.105	141.34
33.115	140.11
33.125	142.31
33.135	145.77
33.145	143.47
33.155	146.01
33.165	144.87
33.175	143.16
33.185	141.34
33.195	138.28
33.205	136.16
33.215	133.29
33.225	131.96
33.235	139.05
33.245	140.05
33.255	137.53
33.265	135.72
33.275	142.59
33.285	162.76
33.295	157.04
33.305	156.56
33.315	157.93
33.325	163.79
33.335	168.98
33.345	174.08
33.355	171.39
33.365	172.62
33.375	172.59
33.385	169.8
33.395	175.08
33.405	174.91
33.415	171.57
33.425	165.79
33.445	168.76
33.455	167.69
34.945	174.47
34.955	156.45
34.965	152.77
34.975	150.18
34.985	147.87
34.995	146.3
35.005	143.98
35.015	142.67
35.025	142.71
35.035	141.66
35.045	139.59
35.055	139.17
35.065	138.02
35.075	137.18
35.085	133.89
35.095	133.99
35.105	133.11
35.115	132.64
35.125	131.98
35.135	131.29
35.145	130.22
35.155	128.99
35.165	128.3
35.175	127.8
35.185	128.21
35.195	127.95
35.205	129.27
35.215	130.17
35.225	130.86
35.235	131.07
35.245	130.22
35.255	129.36
35.265	128.13
35.275	127.2
35.285	126.2
35.295	126.27
35.305	126.34
35.315	126.21
35.325	125.08
35.335	125.38
35.345	125.55
35.355	124.81
35.365	124.6
35.375	123.63
35.385	123.14
35.395	122.45
35.405	121.35
35.415	122.07
35.425	121.38
35.435	121.95
35.445	121.32
35.455	120.98
35.465	120.98
35.475	121.32
35.485	121.63
35.495	119.78
35.505	120.97
35.515	120.91
35.525	119.73
35.535	119.37
35.545	118.85
35.555	119.1
35.565	117.62
35.575	117.54
35.585	117.3
35.595	114.86
35.605	111.42
36.815	232.44
36.825	200.86
36.845	164.98
36.855	161.77
36.865	159.33
36.875	157.32
36.885	156.37
36.895	154.97
36.905	147.26
36.915	147.8
36.925	155.84
36.935	158.48
37.005	185.52
37.015	182.79
37.025	163.63
37.035	152.97
37.045	147.89
37.055	138.39
37.065	137.4
37.075	137.52
37.085	139.56
37.095	147.57
37.105	146.09
37.115	144.41
37.125	142.38
37.135	141.93
37.145	140.64
37.155	140.25
37.165	137.07
37.175	128.66
37.185	124.38
37.225	133.36
37.235	133.52
37.295	211.94
37.305	199.44
37.315	188.12
37.325	179.08
37.335	177.68
37.345	178.11
37.355	179.74
37.365	181.89
37.375	183.21
37.385	182.93
37.395	180.76
37.405	180.91
37.415	179.07
37.425	185.21
37.515	194.97
37.525	183.52
37.535	175.39
37.545	170.23
37.555	163.99
37.565	161.46
37.575	160.51
37.585	160.44
37.595	158.55
37.605	156.49
37.615	153.89
37.625	151.16
37.635	147.52
37.645	145.12
37.655	141.05
37.665	142.52
37.675	141.83
37.685	141.97
37.695	143.02
37.705	143.83
37.715	143.32
37.725	145.02
37.735	147.45
37.745	149.25
37.755	149.46
38.345	206.03
38.355	165.11
38.365	161.59
38.375	159.25
38.385	154.33
38.395	154.81
38.405	158.42
38.415	159.55
38.425	162
38.435	157.1
38.445	161.83
38.455	155.91
38.515	217.96
38.525	191.48
38.535	181.87
38.545	166.66
38.555	159.96
38.565	155.21
38.575	151.17
38.585	147.1
38.595	149.3
38.605	145.47
38.615	138.6
38.625	148.58
38.635	156.75
38.645	169.66
38.655	173.45
38.665	172.06
38.675	171.34
38.685	170.04
38.695	169.21
38.705	166.98
38.715	164.63
38.725	162.18
38.735	158.77
38.745	155.03
38.755	152.5
38.765	151.61
38.775	150.02
38.785	149.62
38.795	151.9
38.805	151.66
38.815	150.5
38.825	149.1
38.835	148.93
38.845	149.56
38.855	149.68
38.865	151.02
38.875	153.3
38.885	156.39
38.895	157.89
38.905	157.35
38.915	154.64
38.925	151.28
38.935	152.46
38.945	152.43
39.205	179.48
39.215	149.77
39.225	141.63
39.285	166.54
39.295	166.14
39.305	164.1
39.315	162.16
39.325	157.41
39.335	148.65
39.345	147.25
39.355	150
39.365	156.69
39.375	150.11
39.585	228.78
39.595	209.8
39.605	207.63
39.615	204.51
39.625	203.61
39.635	200.32
39.645	199.76
39.655	198.67
39.665	196.36
39.675	194.04
39.685	193.89
39.695	196.39
39.705	195.41
39.715	186.95
39.725	179.07
39.735	176.23
39.745	166.88
39.755	161.64
39.765	160.34
39.775	156.05
39.785	154.69
39.795	154.53
39.805	153.4
39.815	154.31
39.825	152.55
39.835	155.02
39.845	154.8
39.855	157.87
39.865	159.98
39.875	161.19
39.885	162.73
39.895	162.05
39.905	161.52
39.915	157.18
39.925	156.18
39.935	153.95
39.945	153.93
39.955	153.63
39.965	157.99
39.975	160.87
39.985	164.7
39.995	166.08
40.005	165.24
40.015	164.57
40.025	163.86
40.035	162.59
40.045	160.51
40.055	158.14
40.065	157.07
40.075	156.38
40.085	153.35
40.095	154.68
40.105	154.23
40.115	154.15
40.125	151.63
40.135	151.92
40.225	167.48
40.235	165.8
40.245	151.17
40.255	139.61
40.265	138.94
40.275	138.01
40.285	139.56
40.295	138.85
40.305	136.87
40.315	136.23
40.325	136.46
40.335	136.36
40.345	135.59
40.355	134.91
40.365	133.59
40.375	131.8
40.385	131.57
40.395	129.93
40.405	130.61
40.415	130
40.425	131.42
40.435	130.41
40.745	209.4
40.755	188.67
40.765	166.58
40.775	154.4
40.785	147.54
40.795	136.25
40.805	132.76
40.815	129.22
40.825	130.95
40.835	129.28
40.845	142.78
40.855	140
40.865	150.45
40.875	157.17
40.885	161.46
40.895	165.37
40.905	163.83
40.915	160.94
40.925	159.1
40.935	156.09
40.945	152.72
40.955	151.74
40.965	151.64
40.975	152.56
40.985	146.85
40.995	142.03
41.005	133.38
41.015	137.07
41.025	133.58
41.035	154.63
41.045	155.55
41.055	156.11
41.065	148.99
41.075	146.04
41.085	142.53
41.095	135.86
41.105	133.26
41.155	130.59
41.165	136.16
41.175	152.47
41.185	154.69
41.195	150.12
41.205	146.77
41.215	144.68
41.225	143.15
41.235	143.14
41.245	144
41.255	145.77
41.265	149.36
41.275	155.06
41.285	161.55
41.295	169.7
41.305	171.66
41.315	173.19
41.325	179.94
41.335	183.24
41.345	185.81
41.355	187.29
41.365	185.05
41.375	183.42
41.385	181.66
41.395	175.25
41.405	168.19
41.415	163.13
41.425	157.37
41.435	150.93
41.445	145.42
41.455	139.5
41.465	134.93
41.475	131.9
41.485	128.72
41.495	127.4
41.505	126.97
41.515	126.12
41.525	124.55
41.535	125.18
41.545	122.51
41.555	126.43
41.565	122.18
42.675	225.92
42.685	226.66
42.695	172.24
42.705	158.87
42.715	151.35
42.725	147.68
42.735	145.32
42.745	143.46
42.755	140.32
42.765	140.18
42.775	138.87
42.785	136.74
42.795	134.39
42.805	132.1
42.815	133.01
42.825	131.72
42.835	130.43
42.845	130.64
42.855	129.97
42.865	130.38
42.875	129.47
42.885	128.72
42.895	127.58
42.905	127.54
42.915	127.58
42.925	127.49
42.935	127.61
42.945	126.69
42.955	125.93
42.965	125.66
42.975	125.34
42.985	125.78
42.995	126.28
43.005	125.11
43.015	125.1
43.025	124.61
43.035	123.91
43.045	124.56
43.055	124.58
43.065	125.22
43.075	124.14
43.085	124.4
43.095	125.1
43.105	125.41
43.115	125.97
43.125	125.41
43.135	126.24
43.145	124.91
43.155	124.32
43.165	123.94
43.175	123.87
43.185	124.03
43.195	123.43
43.205	122.17
43.215	122.22
43.225	121.49
43.235	122.31
43.245	121.87
43.255	121.78
43.265	121.24
43.275	120.52
44.355	157.92
44.365	162.38
44.435	179.65
44.445	177.9
44.455	176.78
44.465	172.97
44.475	170.74
44.485	169.79
44.495	168.22
44.505	166.37
44.515	164.34
44.525	161.81
44.535	160.92
44.545	157.2
44.555	156
44.565	153.53
44.575	158.35
44.585	159.17
44.655	151.2
44.665	144.4
44.675	138.55
44.685	129.67
44.695	127.63
44.765	159.99
44.775	159.34
44.785	159.78
44.795	161.71
44.805	164.02
44.815	165.08
44.825	166.63
44.835	168.46
44.845	166.18
44.855	163.5
44.865	159.99
44.875	155.35
44.885	151.65
44.895	147.22
44.905	141.14
44.915	141.9
45.015	189.96
45.025	179.66
45.035	168.86
45.045	165.56
45.055	162.68
45.065	161.55
45.075	160.67
45.085	159.66
45.095	160.94
45.105	162.44
45.115	163.62
45.125	164.92
45.135	166.74
45.145	167.35
45.155	167.43
45.165	166.07
45.175	164.62
45.185	162.97
45.195	161.95
45.205	159.77
45.215	156.49
45.225	153.8
45.235	148.12
45.245	143.36
45.255	140.2
45.265	163.98
47.535	179.08
47.545	168.71
47.555	163.75
47.565	154.7
47.575	145.42
47.685	212.25
47.695	194.55
47.705	192.21
47.715	181.75
47.725	175.31
47.735	169.31
47.745	165.45
47.755	164.17
47.765	169.73
47.775	153.42
47.785	151.85
47.795	151.96
47.805	156.48
47.815	158.05
47.825	155.82
47.835	154.82
47.845	153.16
47.855	153.99
47.865	158.68
47.875	157.36
47.885	162.63
47.895	166.79
47.905	170.08
47.915	173.51
47.925	173.25
47.935	168.52
47.945	171.68
47.955	173.32
47.965	164.28
48.015	214.96
48.025	181.73
48.035	169.79
48.045	170.49
48.055	165.74
48.065	157.57
48.075	156.41
48.085	156.28
48.095	156.1
48.105	156.22
48.115	157.01
48.125	157.23
48.135	156.94
48.145	157.21
48.155	157.81
48.165	159.1
48.175	160.16
48.185	161.73
48.195	161.68
48.205	163.18
48.215	162.06
48.225	162.09
48.235	163.38
48.245	163.53
48.255	163.15
48.265	162.46
48.275	161.29
48.285	167.54
49.425	179.08
49.435	168.07
49.445	166.33
49.455	163.78
49.465	160.93
49.475	160.21
49.485	159.84
49.495	160.1
49.505	159.37
49.515	158.96
49.525	158.22
49.535	157.91
49.545	157.1
49.555	156.58
49.565	155.52
49.575	154.25
49.585	152.41
49.595	150.9
49.605	151.35
49.615	150.64
49.625	150.16
49.635	149.25
49.645	147.5
49.655	146.4
49.665	144.81
49.675	144.45
49.685	142.93
49.695	141.37
49.705	140.56
49.715	139.93
49.725	138.17
49.735	137.2
49.745	135.98
49.755	134.62
49.765	134.93
49.775	135.04
49.785	134.44
49.795	133.67
49.805	132.64
49.815	132.59
49.825	131.55
49.835	131.36
49.845	130.81
49.855	130.96
49.865	129.99
49.875	129.66
49.885	130.33
49.895	129.95
49.905	129.88
49.915	130.3
49.925	130.02
49.935	128.93
49.945	127.21
49.955	125.88
49.965	126.15
49.975	126.01
49.985	125.34
49.995	125.19
50.005	124.41
50.015	124.13
50.025	123.8
50.035	122.7
50.045	122.46
50.055	121.7
50.065	123.19
50.075	122.85
50.085	121.83
50.095	122.61
50.105	121.66
50.345	220.66
50.355	196.61
50.365	190.5
50.375	191.02
50.385	179.47
50.395	182.2
50.405	185.77
50.415	189.71
50.425	196.54
50.435	200.79
50.445	201.76
50.455	203.18
50.465	201.96
50.475	199.66
50.485	199.59
50.495	198.94
50.505	194.98
50.515	190.02
50.525	183.3
50.535	176.79
50.545	167.14
50.555	169.37
50.565	169.22
50.575	165.02
50.585	161.99
50.595	159.32
50.605	155.34
50.615	154.05
50.625	151.36
50.635	151.67
50.645	150.16
50.655	153.41
50.665	151.04
50.675	160.27
50.685	168.26
50.695	172.77
50.705	173.46
50.715	173.99
50.725	173.72
50.735	171.7
50.745	169.13
50.755	165.23
50.765	163.19
50.775	160.05
50.785	157.26
50.795	155.25
50.805	153.74
50.815	150.8
50.825	145.86
50.835	150.34
50.845	147.13
50.855	146.2
50.865	143.81
50.875	144.27
50.885	141.74
50.895	145.24
50.905	142.36
50.915	140.25
50.925	137.41
50.935	136.12
50.945	139.63
50.955	142.09
50.965	147.86
50.975	148.07
50.985	145.57
50.995	144.19
51.005	143.63
51.015	143.8
51.025	143.91
51.035	143.53
51.045	151.45
51.055	153.06
51.065	154.97
51.075	156.99
51.085	157.17
51.095	157.26
51.105	157.86
51.115	157.12
51.125	158.51
52.375	157.4
52.385	151.09
52.395	149.97
52.405	150.41
52.415	152.7
52.425	160.32
52.435	162.82
52.445	162.23
52.455	165.57
52.465	163.88
52.475	163.41
52.485	161.72
52.495	158.76
52.505	155.48
52.515	155.59
52.525	152.39
52.535	150.89
52.545	148.41
52.555	145.25
52.565	142.41
52.575	140.93
52.585	140.46
52.595	136.18
52.605	136.38
52.615	138.28
52.625	140.49
52.635	143.44
52.645	156.16
52.655	166.48
52.665	173.32
52.675	174.56
52.685	172.69
52.695	169.26
52.705	165.64
52.715	161.21
52.725	156.98
52.735	153.62
52.745	152.74
52.755	149.75
52.765	145.34
52.775	139.12
52.785	139.35
52.795	127.25
52.805	123.04
52.815	124.31
52.855	142.69
52.865	143.73
52.875	153.95
52.885	159.38
52.895	153.93
52.905	136.71
52.915	131.07
52.925	128.56
52.935	127.85
52.945	129.88
52.955	125.73
52.965	128.93
52.975	122.63
53.475	225.31
53.485	195.17
53.495	173.54
53.505	155.22
53.515	141.17
53.525	139.35
53.535	137.14
53.545	135.45
53.555	134.83
53.565	135.19
53.575	135.02
53.585	135.71
53.595	134.55
53.605	134.01
53.615	132.9
53.625	131.91
53.635	131.56
53.645	130.96
53.655	130.7
53.665	130.59
53.675	130.15
53.685	130
53.695	129.26
53.705	129.52
53.715	129.47
53.725	128.73
53.735	128.79
53.745	128.87
53.755	128.37
53.765	127.68
53.775	126.69
53.785	127.2
53.795	128.01
53.805	127.84
53.815	127.26
53.825	126.08
53.835	125.92
53.845	125.84
53.855	124.73
53.865	123.39
53.875	123.15
53.885	121.83
53.895	124.91
53.905	125.69
53.915	124.02
53.925	124.65
53.935	121.63
53.945	121.13
53.955	123.47
53.965	123.33
53.975	122.94
54.725	151.36
54.735	147.61
54.745	143.34
54.755	151.9
54.845	157.11
54.855	154.66
54.865	152.34
54.875	151.83
54.885	152.13
54.895	153.75
54.905	153.37
54.915	154.19
54.925	154.45
54.935	155.95
54.945	155.16
54.955	153.62
54.965	152.97
54.975	149.87
54.985	147.42
54.995	147.13
55.005	145.29
55.015	143.86
55.025	141.62
55.035	131.93
55.045	137.42
55.055	134.89
55.065	139.23
55.075	140.66
55.085	141.62
55.095	142.25
55.105	141.41
55.115	140.74
55.125	140.17
55.135	139.97
55.145	139.74
55.155	139.4
55.165	138.39
55.175	137.61
55.185	137.28
55.195	137.87
55.205	137.55
55.215	136.97
55.225	135.13
55.235	133.96
55.245	132.75
55.255	131.08
55.265	130.05
55.275	131.66
55.285	131.74
55.295	124.08
55.305	126.73
56.065	225.42
56.075	204.67
56.085	187.68
56.095	171.73
56.105	172.97
56.115	173.9
56.125	178.76
56.135	181.16
56.145	186.75
56.155	190.61
56.165	194.92
56.175	198.33
56.185	200.43
56.195	203.43
56.205	204.53
56.215	205.68
56.225	205.97
56.235	204.62
56.245	201.31
56.255	195.97
56.265	193.79
56.275	182.73
56.285	191.42
56.295	200.01
56.405	171.72
56.415	163.03
56.425	160.25
56.435	154.05
56.445	146.11
56.455	145.83
56.495	163.16
56.505	165.09
56.515	162.5
56.525	159.24
56.535	157.85
56.545	156.51
56.555	154.26
56.565	153.4
56.575	151.77
56.585	148.07
56.595	145.43
56.605	137.59
56.615	144.8
56.705	190
56.715	188.56
56.725	181.01
56.735	181.34
56.745	181.99
56.755	180.32
56.765	175.57
56.775	174.19
56.785	170.75
56.795	170.09
56.805	168.06
56.815	170.13
56.825	172.27
56.835	169.28
56.845	171.97
57.065	217.07
57.075	189.82
57.085	191.77
57.095	195.08
57.105	200.42
57.115	205.04
57.125	209.71
57.135	213.63
57.145	213.81
57.155	211.44
57.165	207.8
57.175	202.79
57.185	198.96
57.195	196.52
57.205	193.04
57.215	184.77
57.225	180.74
57.235	177.56
57.245	172.85
57.255	165.5
57.265	163.94
57.275	160.48
57.285	147.8
57.295	148.7
57.305	154.22
57.315	154
57.325	151.97
57.335	147.78
57.345	145.96
57.355	145.67
57.365	145.01
57.375	144.68
57.385	144.7
57.395	144.59
57.405	144.39
57.415	145.07
57.425	145.53
57.435	145.14
57.445	146.23
57.455	146.76
57.465	147.06
57.475	145.68
57.485	145.49
57.495	145.66
57.505	146.43
57.515	144.21
57.525	142.02
59.285	251.04
59.295	223.58
59.305	156.89
59.315	157.79
59.325	149.76
59.335	147.36
59.345	145.05
59.355	143.07
59.365	140.91
59.375	139.87
59.385	138.66
59.395	137.2
59.405	135.74
59.415	134.87
59.425	134.81
59.435	134.75
59.445	134.02
59.455	133.59
59.465	133.57
59.475	134.81
59.485	133.75
59.495	134.45
59.505	133.3
59.515	133
59.525	131.85
59.535	132.27
59.545	131.56
59.555	130.31
59.565	129.99
59.575	128.92
59.585	129.55
59.595	128.53
59.605	128.57
59.615	129.34
59.625	127.98
59.635	127.99
59.645	127.17
59.655	127.01
59.665	127.57
59.675	128.26
59.685	128
59.695	126.65
59.705	127.38
59.715	127.55
59.725	126.9
59.735	124.83
59.745	124.64
59.755	123.48
59.765	123.59
59.775	122.5
59.785	122.07
59.795	121.35
59.805	120.19
59.815	120.15
59.825	120.26
59.835	121.35
59.845	123.77
59.855	124.89
59.865	122.54
59.875	123.18
60.565	163.54
60.575	152.86
60.585	137.54
60.595	133.84
60.645	159.67
60.655	158.6
60.665	155.47
60.675	153.12
60.685	156.53
60.695	159.92
60.705	160.89
60.715	160.48
60.725	159.73
60.735	158.31
60.745	155.03
60.755	155.64
60.785	162.27
61.155	261.22
61.165	202.79
61.175	170.26
61.185	155.18
61.195	144.28
61.205	139.37
61.215	135.54
61.225	143.51
61.235	146.09
61.245	145.49
61.255	144.07
61.265	142.37
61.275	137.48
61.285	138.86
61.295	136.35
61.305	136.6
61.315	140.67
61.325	144.06
61.335	147.25
61.345	143.86
61.355	140.88
61.365	137.68
61.375	135.15
61.385	133.82
61.395	135.35
61.405	137.68
61.415	142.13
61.425	148.55
61.435	151.26
61.445	154.5
61.455	158.58
61.465	164.79
61.475	171.03
61.485	176.24
61.495	188.09
61.505	195.33
61.515	196.09
61.525	194.58
61.535	187.99
61.545	183.16
61.555	180.41
61.565	178.84
61.575	174.62
61.585	166.03
61.595	160.39
61.605	155.53
61.615	151.68
61.625	149.21
61.635	147.06
61.645	146.36
61.655	145.63
61.665	144.52
61.675	143.79
61.685	143
61.695	142.08
61.705	143.08
61.715	144.25
61.725	145.57
61.735	145.24
61.745	145.27
61.755	153.9
61.765	155.63
61.775	156.81
61.785	156.85
61.795	156.38
61.805	157.46
61.815	158.51
61.825	156.05
61.835	168.66
62.765	178.57
62.775	177.22
62.785	175.87
62.795	164.01
62.805	161.16
62.815	156.65
62.825	152.13
62.835	144.85
62.845	146.22
62.855	148.52
62.865	141.72
62.875	151.05
62.885	152.98
62.895	156.32
62.905	154.75
62.915	151.81
62.925	148.82
62.935	147.22
62.945	145.52
62.955	143.62
62.965	143.97
62.975	143.24
62.985	142.76
62.995	142.5
63.005	140.93
63.015	139.8
63.025	136.1
63.035	132.79
63.045	128.54
63.055	111.92
63.535	225.19
63.545	206.8
63.555	188.7
63.565	181.61
63.575	171.88
63.585	167.9
63.595	166.67
63.605	167.05
63.615	166.4
63.625	164.84
63.635	162.15
63.645	159.93
63.655	159.05
63.665	160.89
63.725	185.86
63.735	179.18
63.745	174.57
63.755	172.36
63.765	165.29
63.775	161.75
63.785	160.67
63.795	158.55
63.805	155.43
63.815	154.18
63.825	153.18
63.835	153.12
63.845	152.31
63.855	151.78
63.865	151.08
63.875	150.13
63.885	149.24
63.895	147.92
63.905	150.45
63.915	148.19
63.925	144.5
63.935	143.34
63.945	141.46
63.955	141.6
63.965	141.45
63.975	144.16
63.985	145.78
63.995	146.11
64.005	147.75
64.015	149.92
64.025	164.46
64.035	164.28
64.045	162.81
64.055	156.83
64.065	156.95
64.075	156.68
64.085	158.26
64.095	159.94
64.105	162.3
64.115	165.08
64.125	169.13
64.135	176.53
64.145	186.42
64.155	195.28
64.165	206.19
64.175	211.93
64.185	217.79
64.195	219.75
64.205	214.71
64.215	205.35
64.225	204.4
64.235	213.46
64.245	213.99
64.255	215.29
64.265	216.01
64.275	217.05
64.285	233.12
64.295	213.36
64.305	181.08
64.315	168.4
64.325	162.84
64.335	160.22
64.345	160.08
64.355	149.8
64.365	151.66
64.375	149.41
64.385	148.84
64.395	146.14
64.405	147.64
64.415	151.15
64.425	157.59
64.435	150.85
64.445	149.18
64.455	150.13
64.465	151.8
64.475	153.88
64.485	154.22
64.495	158.57
64.505	162.58
64.515	165.07
64.525	165.61
64.535	163.67
64.545	161.31
64.555	159.66
64.565	159.53
64.575	158.81
64.585	157.35
64.595	154.46
64.605	151.76
64.615	148.88
64.625	145.78
64.635	142.11
64.645	139.89
64.655	137.56
64.665	136.95
64.675	132.65
64.685	138.59
64.695	139.35
64.825	227.97
64.835	210.74
64.845	201.83
64.855	197.27
64.865	192.85
64.875	188.94
64.885	184.11
64.895	181.56
64.905	182.35
64.915	181.43
64.925	180.8
64.935	179.19
64.945	177.99
64.955	177.6
64.965	162.15
64.975	157.07
64.985	152.39
64.995	149.14
65.005	142.96
65.015	136.49
65.025	128.21
65.035	118.57
65.045	117.87
65.225	202.89
65.235	184.11
65.245	166.49
65.255	164.51
65.265	163.67
65.275	163.05
65.285	162.12
65.295	160.82
65.305	159.25
65.315	158.21
65.325	155.9
65.335	154.07
65.345	153.49
65.355	157.09
65.365	159.99
66.065	198.4
66.075	177.86
66.085	167.41
66.095	162.7
66.105	148.53
66.115	143.89
66.125	141.59
66.135	138.16
66.145	129.12
66.155	129.16
66.235	202.27
66.245	185.36
66.255	172.81
66.265	161.78
66.275	158
66.285	152.57
66.295	150.29
66.305	149.06
66.315	146.91
66.325	144.08
66.335	141.29
66.345	140.02
66.355	138.85
66.365	135.9
66.375	133.47
66.385	133.59
66.395	132.57
66.405	130.22
66.415	127.68
66.425	129.7
66.435	129.21
66.445	127.98
66.455	126.5
66.465	128.61
66.475	128.58
66.485	130.83
66.495	129.4
66.505	133.69
67.545	201.2
67.555	173.47
67.565	147.23
67.575	140.94
67.585	129.4
67.695	158.29
67.705	150.29
67.715	148.12
67.725	150.68
67.735	151.51
67.745	153.35
67.755	157.78
67.765	161.57
67.775	167.74
67.785	176.63
67.795	178.48
67.805	181.72
67.815	182.73
67.825	183.18
67.835	182.83
67.845	183.17
67.855	181.66
67.865	180.46
67.875	178
67.885	171.96
67.895	165.18
67.905	160.22
67.915	154.72
67.925	147.45
67.935	143.3
67.945	140.22
67.955	136.9
67.965	135.12
67.975	133.97
67.985	131.94
67.995	131.33
68.005	130.63
68.015	130.28
68.025	127.97
68.035	126.58
68.045	121.15
68.055	118.44
69.005	189.53
69.015	171.29
69.025	154.34
69.035	144.88
69.045	140.54
69.055	138.68
69.065	134.6
69.075	119.07
69.085	130.25
69.095	139.03
69.105	137.76
69.115	136.38
69.125	138.2
69.135	136.32
69.145	136
69.155	133.46
69.165	128.94
69.175	128.06
69.185	112.86
69.195	129.22
69.295	183.69
69.305	170.8
69.315	168.78
69.325	158.05
69.335	159.58
69.345	158.28
69.355	157.73
69.365	158.63
69.375	158.8
69.385	158.79
69.395	158.85
69.405	159.34
69.415	159.37
69.425	159.08
69.435	159.07
69.445	155.64
69.455	150.43
69.465	148.27
69.475	144.41
69.485	142.48
69.495	139.56
69.505	135.8
69.515	134.62
69.525	127.76
69.735	152.69
69.745	156.47
70.185	215.78
70.195	192.44
70.205	176.93
70.215	161.99
70.225	149.6
70.235	145.8
70.245	143.88
70.255	143.77
70.265	142.89
70.275	141.25
70.285	139.89
70.295	138.74
70.305	137.69
70.315	136.18
70.325	134.13
70.335	134
70.345	134.18
70.355	133.88
70.365	132.99
70.375	133.02
70.385	132.25
70.395	131.53
70.405	130.99
70.415	131.25
70.425	131.74
70.435	130.23
70.445	129.04
70.455	129.19
70.465	127.72
70.475	127.34
70.485	127.51
70.495	127.86
70.505	127.4
70.515	125.99
70.525	125.51
70.535	127.2
70.545	128.51
70.555	126.92
70.565	125.75
70.575	126.33
70.585	126.16
70.595	121.99
70.605	124.56
70.615	122.3
70.625	123.73
70.635	115.19
72.625	168.69
72.635	156.2
72.645	144.5
72.655	132.51
72.665	130.47
72.675	123.96
72.685	120.88
72.815	183.75
72.825	166.91
72.835	154.29
72.845	143.91
72.855	132.2
72.865	131.12
72.875	123.88
72.885	132.14
72.895	134.07
72.905	134.61
72.915	138.2
72.925	139.44
72.935	139.18
72.945	139.04
72.955	138.84
72.965	138.44
72.975	139.88
72.985	139.46
72.995	138.53
73.005	136
73.015	132.65
73.025	135.5
73.035	134.08
73.045	129.72
73.055	130
73.065	128.91
73.075	126.34
73.085	126.41
73.095	125.06
73.105	124.85
73.115	126.44
73.125	130.04
73.135	131.79
73.145	132.99
73.155	133.45
73.165	133.36
73.175	134.47
73.185	135.47
73.195	134.9
73.205	128.48
73.215	122.22
73.225	128.94
73.405	171.96
73.415	165.5
73.425	159.19
73.435	147.32
73.445	145.74
73.455	145.81
73.465	144.29
73.475	142.14
73.485	137.65
73.495	136.07
73.505	134.29
73.515	133.89
73.525	134.85
73.535	132.35
73.545	130.09
73.555	128.2
73.565	127.27
73.575	126.18
73.585	124.4
73.595	127.83
73.605	130.16
73.615	127.87
73.625	127.66
73.635	126.95
73.645	124.78
73.655	126.01
73.665	125.98
73.675	127.29
73.685	128.37
73.695	131.83
73.705	131.11
73.715	130.06
73.725	129.82
73.735	129.52
73.745	130.3
73.755	132
73.765	133.18
73.775	133.76
73.785	134.87
73.795	134.28
73.805	132.26
73.815	132.56
73.825	133.06
73.835	132.23
73.845	132.15
73.855	131.88
73.865	127.51
73.875	126.41
73.885	124.32
73.895	121.5
73.905	124.35
75.425	220.05
75.435	197.96
75.445	194.81
75.455	163.09
75.465	158.83
75.475	153
75.485	149.3
75.495	146.57
75.505	144.66
75.515	142.04
75.525	137.04
75.535	135.85
75.545	132.19
75.555	130.46
75.565	131.08
75.655	195.72
75.665	178.47
75.675	161.14
75.685	148.14
75.695	143.72
75.705	138.83
75.715	136.38
75.725	134.84
75.735	134.39
75.745	136.01
75.755	142.28
75.765	143.62
75.775	142.08
75.785	140.59
75.795	138.39
75.805	137.89
75.815	136.69
75.825	136.39
75.835	133.72
75.845	131.19
75.855	137.33
75.865	134.47
75.875	132.09
75.885	132.6
75.895	132.68
75.905	131.76
75.915	130.75
75.925	128.89
75.935	128.25
75.945	128.71
75.955	128.89
75.965	128.63
75.975	130.07
75.985	128.86
75.995	130.88
76.005	132.89
76.015	131.27
76.025	133.93
76.035	136.12
76.045	134.98
76.055	137.76
76.435	208.94
76.445	194.8
76.455	166.3
76.465	153.23
76.475	140.98
76.485	135.98
76.495	133.32
76.505	131.64
76.515	130.42
76.525	130.73
76.535	130.99
76.545	130.08
76.555	129.73
76.565	129.28
76.575	127.9
76.585	126.55
76.595	126.04
76.605	125.21
76.615	126.52
76.625	126.8
76.635	125.26
76.645	124.34
76.655	124.6
76.665	123.56
76.675	123.61
76.685	123.07
76.695	123.69
76.705	121.99
76.715	121.92
76.725	121.49
76.735	121.35
76.745	119.97
76.755	121.04
76.765	119.48
76.775	121.59
76.785	119.46
76.795	122.72
76.805	121.42
76.815	121.35
76.825	120.91
76.835	121.57
76.845	121.6
76.855	121.32
76.865	121.3
76.875	120.78
76.885	119.45
76.895	119.03
76.905	119.36
76.915	118.74
76.925	118.03
76.935	117.4
76.945	117.96
76.955	117.51
76.965	116.98
76.975	116.5
81.375	105.16
81.385	119.09
81.395	102.82
81.405	188.19
81.415	171.09
81.425	161.78
81.435	157.07
81.605	194.59
81.615	192.46
81.625	190.37
81.635	188.58
81.645	189.7
81.655	190.64
81.665	191.31
81.675	191.43
81.685	192.84
81.695	191.04
81.705	191.04
81.715	188.9
81.725	188.89
81.735	189.72
81.745	188.71
81.755	189.57
81.765	188.06
81.775	187.28
81.785	186.9
81.795	187.62
81.805	186.68
81.815	187.35
81.825	187.82
81.835	187.51
81.845	188.17
81.855	187.79
81.865	187.2
81.875	187.25
81.885	186.94
81.895	187.81
81.905	187.71
81.915	188.12
81.925	187.23
81.935	187.24
81.945	183.66
81.955	186.54
82.025	225.61
82.035	211.73
82.045	191.19
82.055	177.09
82.065	164.16
82.075	155.75
82.085	152.23
82.095	150.2
82.105	149.3
82.115	149.1
82.125	149.13
82.135	148.57
82.145	148.02
82.155	147.34
82.165	145.77
82.175	145.82
82.185	144.86
82.195	144.56
82.205	144.39
82.215	143.57
82.225	143.21
82.235	142.62
82.245	142.19
82.255	142.1
82.265	142.83
82.275	142.12
82.285	140.73
82.295	140.21
82.305	139.86
82.315	140.06
82.325	139.53
82.335	139.15
82.345	137.98
82.355	137.8
82.365	137.17
82.375	137.31
82.385	137.33
82.395	136.88
82.405	136.6
82.415	135.87
82.425	136.08
82.435	135.64
82.445	134.65
82.455	135.03
82.465	133.84
82.475	133.43
82.485	135.23
82.495	133.66
82.505	137.8
82.515	140.04
82.525	139.08
82.535	138.76
82.545	136.54
82.555	136.96
82.565	137.36
82.575	137.57
82.585	138.91
82.595	140.21
82.605	141.21
82.615	142
82.625	142.43
82.635	143.26
82.645	145.2
82.655	151.5
82.665	166.11
83.215	175.21
83.225	163.93
83.235	160.72
83.245	153.02
83.255	146.62
83.265	147.14
83.275	147.4
83.285	168.39
83.295	183.15
83.305	180.57
83.315	176.93
83.325	178.8
83.335	183.56
83.345	187.75
83.355	189.09
83.365	191
83.375	191.62
83.385	191.17
83.395	189.45
83.405	185.19
83.415	180.46
83.425	176.14
83.435	171.69
83.445	165.84
83.455	157.95
83.465	150.04
83.475	162.47
83.485	162.25
83.495	164.02
83.505	159.41
83.515	160.7
83.525	157.52
83.575	226.54
83.585	202.81
83.595	189.46
83.605	192.02
83.615	193.9
83.625	197.33
83.635	200.52
83.645	199.24
83.655	201.19
83.665	203.46
83.675	203.36
83.685	202.79
83.695	197.86
83.705	194.39
83.715	194.46
83.725	202.39
83.735	203.73
83.745	205.66
83.755	201.29
83.915	227.4
83.925	183.09
83.935	174.12
83.945	163.11
83.955	159.34
83.965	156.89
83.975	153.91
83.985	161.9
83.995	164.88
84.005	166.61
84.015	165.83
84.025	161.51
84.035	151.52
84.215	201.02
84.225	186.37
84.235	183.97
84.245	175.68
84.255	170.89
84.265	167
84.275	163.15
84.285	159.25
84.295	149.46
84.305	151.93
84.315	151.32
84.325	154.55
84.335	158.65
84.345	157.53
84.355	154.94
84.365	151.2
84.375	148.41
84.385	145.86
84.395	143.6
84.405	143.16
84.415	145.6
84.425	144.84
84.435	142.36
84.445	145.91
84.455	149.55
84.465	147.17
84.475	144.37
84.485	142.95
84.495	142.51
84.505	142.41
84.515	141.88
84.525	140.77
84.535	139.37
84.545	138.85
84.555	140.13
84.565	140.43
84.575	144.78
84.585	155.38
84.595	158.08
84.605	168.55
84.615	173.77
84.625	177.99
84.635	179.73
84.645	179.81
84.655	179.99
84.665	183.31
84.675	187.45
84.685	194.48
84.695	198.83
84.705	200.58
84.715	199.78
84.725	198.29
84.735	194.91
84.745	188.13
84.755	179.34
84.765	181.61
84.775	197.17
84.785	195.14
84.885	173.71
84.895	169.29
84.905	167.76
84.915	164.93
84.925	162.83
84.935	159.96
84.945	153.85
84.955	149.39
84.965	150.69
84.975	154.14
84.985	158.33
84.995	158.67
85.005	156.69
85.015	154.32
85.025	153.05
85.035	151.8
85.045	150.69
85.055	145.46
85.065	151.36
85.075	149.55
85.085	149.34
85.095	149.11
85.105	149.35
85.115	150.91
85.125	151.6
85.135	151.71
85.145	152.14
85.155	152.42
85.165	151.95
85.175	152.31
85.185	152.69
85.195	153.36
85.205	153.8
85.215	153.32
85.225	153.69
85.235	158.1
85.245	159.7
85.255	163.19
85.265	173.27
85.275	188.66
85.765	222.1
85.775	193.35
85.785	171
85.795	161.14
85.805	160.18
85.815	158.75
85.825	158.06
85.835	157.13
85.845	157.04
85.855	156.33
85.865	155.88
85.875	156.87
85.885	162.36
85.895	161.42
85.905	158.16
85.915	158.87
85.925	159.11
85.935	159.4
85.945	161.07
85.955	162.41
85.965	164.17
85.975	165.75
85.985	168.63
85.995	171.85
86.005	178.24
86.015	185.36
86.025	188.35
86.035	196.13
86.045	200.89
86.055	193.33
86.065	192.31
86.075	200.82
86.085	210.6
86.095	175.7
86.105	184.32
86.115	187.24
86.125	193.75
86.135	196.78
87.355	147.23
87.365	135.85
87.375	132.02
87.385	130.84
87.395	132.86
87.405	135.53
87.415	137.21
87.425	139.28
87.435	139.93
87.445	139.11
87.455	137.39
87.465	135.46
87.475	133.45
87.485	133.88
87.495	134.34
87.505	133.38
87.515	131.09
87.525	129.36
87.535	128.23
87.545	128.45
87.555	128.22
87.565	127.14
87.575	126.66
87.585	125.87
87.595	125.19
87.605	124.88
87.615	125.38
87.625	125.8
87.635	125.78
87.645	125.9
87.655	125.77
87.665	125.47
87.675	124.24
87.685	125.02
87.695	124.02
87.705	124.02
87.715	123.99
87.725	123.34
87.735	122.73
87.745	121.92
87.755	122.57
87.765	122.54
87.775	121.83
87.785	121.22
87.795	120.18
87.805	119.72
87.815	120.1
87.825	120.19
87.835	119.96
87.845	119.6
87.855	118.88
87.865	120.38
87.875	119.54
87.885	118.76
87.895	120.77
87.905	121.16
90.455	170.22
90.465	144.39
90.475	121.62
90.625	189.31
90.635	187.25
90.645	189.1
90.655	193.17
90.665	195.43
90.675	196.06
90.685	195.86
90.695	194.3
90.705	192.54
90.715	191.15
90.725	186.3
90.735	179.13
90.745	169.83
90.845	175.47
90.855	172.97
90.865	156.97
90.875	152.16
90.885	147.24
90.895	148.08
90.905	143.6
90.915	138.71
90.925	137.1
90.935	133.81
90.945	132.8
90.955	139.1
91.025	200.93
91.035	192.01
91.045	164.5
91.055	158.27
91.065	157.19
91.075	156.46
91.085	156.64
91.095	154.67
91.105	155.87
91.115	152.81
91.125	141.51
91.135	140.49
91.165	152.18
91.175	154.18
91.185	156.85
91.195	159.61
91.205	159.15
91.215	153.61
91.225	149.9
91.235	149.97
91.245	147.89
91.255	147.81
91.265	142.5
91.275	140.26
91.285	146.92
91.295	151.11
91.305	149.26
91.315	148.53
91.325	149.2
91.335	147.28
91.345	145.3
91.355	143.47
91.365	142.49
91.375	140.39
91.385	138.95
91.395	136.5
91.405	136.49
91.415	136.45
91.425	134.83
91.435	134.81
91.445	134.52
91.525	189.76
91.535	166.17
91.545	152.1
91.555	146.28
91.565	138.38
91.575	131.64
91.585	127.02
91.595	121.8
91.605	130.68
91.615	131.26
91.625	139.33
91.635	148.97
91.645	160.78
91.655	165.48
91.665	165
91.675	161.15
91.685	158.39
91.695	152.71
91.705	143.01
91.715	136.97
91.775	192.04
91.785	184.97
91.795	172.15
91.805	171.46
91.815	163.55
91.825	157.27
91.835	151.8
91.845	148.06
91.855	145.56
91.865	143.75
91.875	130
91.885	131.51
91.895	126.64
92.055	164.91
92.065	161.21
92.075	159.31
92.085	159.77
92.095	159.99
92.105	161.06
92.115	163.66
92.125	165.43
92.135	167.75
92.145	169.35
92.155	169.78
92.165	169.55
92.175	166.69
92.185	175.48
92.195	172.82
92.205	168.4
93.265	158.62
93.275	149.86
93.285	146.65
93.295	143.97
93.305	142.75
93.315	140.54
93.325	140.72
93.335	140.69
93.345	138.32
93.355	135.53
93.365	132.22
93.375	132.72
93.385	132.24
93.395	131.76
93.405	132.27
93.415	132.06
93.425	131.79
93.435	131.35
93.445	130.69
93.455	130.65
93.465	130.32
93.475	130.04
93.485	128.33
93.495	128.67
93.505	128.97
93.515	129.36
93.525	128.77
93.535	127.72
93.545	127.29
93.555	126.27
93.565	125.62
93.575	125.36
93.585	125.44
93.595	125.04
93.605	124.39
93.615	124.59
93.625	124.57
93.635	123.97
93.645	124.25
93.655	124.3
93.665	122.59
93.675	121.73
93.685	121.76
93.695	121.87
93.705	120.84
93.715	120.83
93.725	120.29
93.735	120
93.745	120.24
93.755	119.99
93.765	118.27
93.775	118.25
93.785	117.92
93.795	117.35
93.805	116.66
93.815	115.4
93.825	114.54
93.835	114.12
93.845	112.53
93.855	112.02
93.865	113.94
93.875	113.06
97.145	241.44
97.155	211.58
97.165	196.23
97.175	159.81
97.185	155.39
97.195	150.36
97.205	146.87
97.215	144.75
97.225	146.68
97.235	146.01
97.245	145.88
97.255	145.25
97.265	142.85
97.275	141.36
97.285	140.4
97.295	140.23
97.305	138.5
97.315	137.1
97.325	135.69
97.335	134.62
97.345	137.77
97.355	140.86
97.365	139.76
97.375	137.19
97.385	139.85
97.395	140.49
97.405	143.1
97.415	143.82
97.425	140.75
97.435	140.33
97.445	135.26
97.455	128.2
97.465	127.56
97.525	190.47
97.535	190.82
97.545	186.77
97.555	181.8
97.565	175.39
97.575	175.42
97.585	176.51
97.595	175
97.605	178.29
97.615	176.71
97.625	165.62
97.635	164.83
97.645	163.17
97.655	160.52
97.665	158.41
97.675	155.23
97.685	154.84
97.695	154.06
97.705	156.29
97.715	156.96
97.725	156.02
97.735	154.1
97.745	151.12
97.755	149.44
97.765	145.07
97.775	150.25
97.785	150.07
97.795	147.47
97.805	143.49
97.815	140.62
97.825	137.65
97.835	137.02
97.845	136.12
97.855	133.2
97.865	133.01
97.875	114.67
97.885	136.96
97.895	135.14
97.905	134.05
97.915	135.35
97.925	136.16
97.935	135.63
97.945	135.6
97.955	135.72
97.965	136.06
97.975	135.75
97.985	134.42
97.995	133.44
98.005	134.31
98.015	133.36
98.025	132.99
98.035	132
98.045	131.48
98.055	129.76
98.065	129.09
98.075	129.42
98.085	130.81
98.095	129.34
98.105	128.01
98.115	132.01
98.125	133.21
98.135	133.92
98.145	134.5
98.155	135.47
98.165	136.47
98.175	136.62
98.185	136.15
98.195	136.98
98.205	137.35
98.215	137.96
98.225	138.31
98.235	138.39
98.245	139.36
98.255	138.73
98.265	139.81
98.275	151.77
98.635	213.23
98.645	186.84
98.655	162.29
98.665	150.54
98.675	141.6
98.685	136.86
98.695	134.49
98.705	132.74
98.715	134.31
98.725	134.59
98.735	134.39
98.745	132.34
98.755	130.8
98.765	128.94
98.775	126.48
98.785	126.63
98.795	125.97
98.805	126.39
98.815	124.16
98.825	124.05
98.835	123.62
98.845	122.54
98.855	122.75
98.865	121.57
98.875	121.61
98.885	122.16
98.895	121.9
98.905	121.87
98.915	122.09
98.925	121.6
98.935	120.38
98.945	120.32
98.955	119
98.965	119.18
98.975	118.31
98.985	118.54
98.995	117.97
99.005	117.66
99.015	117.19
99.385	182.77
99.395	163.1
99.405	150.16
99.415	144.63
99.425	146.34
99.435	153.23
99.445	153.82
99.455	154.27
99.465	155.83
99.475	154.09
99.485	152.49
99.495	152.07
99.505	150.56
99.515	149.59
99.525	148.11
99.535	147.14
99.545	146.93
99.555	147.39
99.565	148.16
99.575	149.09
99.585	148.14
99.595	147.45
99.605	135.01
99.845	209.36
99.855	196.06
99.865	163.69
99.875	146.41
99.885	141.42
99.895	137.47
99.905	135.23
99.915	141.06
99.925	144.33
99.935	142.7
99.945	139.9
99.955	142.44
99.965	152.91
101.245	185.81
101.255	157.98
101.265	151.02
101.275	143.64
101.285	135.1
101.295	131.71
101.305	131.74
101.315	131.08
101.325	131.56
101.335	130.43
101.345	130.27
101.355	129.32
101.365	129.18
101.375	129.1
101.385	127.15
101.395	126.01
101.405	124.58
101.415	123.36
101.425	126.28
101.435	124.87
101.445	124.67
101.455	125.1
101.465	125.21
101.475	124.37
101.485	123.28
101.495	123.32
101.505	123.66
101.515	122.6
101.525	121.97
101.535	120.83
101.545	120.67
101.555	120.71
101.565	120.12
101.575	120.57
101.585	123.44
101.595	124.22
101.605	127.61
101.615	127.44
101.625	126.95
101.635	125.58
101.645	124.55
101.655	123.02
101.665	121.52
101.675	121.17
101.685	120.74
101.695	120.44
101.705	120.3
101.715	118.88
101.725	120
101.735	119.04
101.745	119.34
101.755	118.1
101.765	117.56
101.775	117.85
101.785	118.08
101.795	118.03
101.805	117.76
101.815	117.75
101.825	117.25
101.835	116.78
101.845	115.95
101.855	115.82
101.865	115.01
101.875	114.56
101.885	113.43
101.895	113.71
101.905	112.67
105.905	165.41
105.915	168.63
105.925	168.4
105.935	160.9
105.945	156.01
105.955	151.23
105.965	148.57
105.975	144.37
105.985	140.75
105.995	146.05
106.005	152.92
106.015	157.19
106.025	160.26
106.035	159.81
106.045	157.92
106.055	153.19
106.065	150.69
106.075	147.85
106.085	144.97
106.095	139.64
106.105	144.61
106.115	138.59
106.125	131.96
106.135	143.07
106.145	137.45
106.155	139.42
106.165	141.89
106.175	134.76
106.185	133.75
106.195	133.36
106.205	129.1
106.215	125.13
106.225	127.08
106.235	127.87
106.245	129.67
106.255	127.98
106.265	127.19
106.405	184.17
106.415	169.25
106.425	160.56
106.435	154.03
106.445	153.24
106.455	154.06
106.465	153.31
106.475	151.62
106.485	148.34
106.495	146.88
106.505	143.73
106.515	145.27
106.525	140.32
106.535	143.38
106.545	146.34
106.555	143.06
106.565	138.32
106.575	132.71
106.585	129.63
106.595	128.98
106.605	134.73
106.615	136.91
106.625	135.88
106.635	136.3
106.645	136.77
106.655	139.33
106.665	138.29
106.675	135.71
106.685	134.14
106.695	132.47
106.705	135.77
106.715	134.56
106.725	134.98
106.735	136.18
107.565	168
107.575	161.47
107.585	154.91
107.595	145.82
107.605	138.94
107.615	138.25
107.625	126.15
107.635	125.39
107.645	138.87
107.655	138.53
107.665	142.15
107.675	142.77
107.685	140.47
107.695	136.59
107.705	131.46
107.715	132.81
107.725	133.78
107.735	132.27
107.745	131.42
107.755	130.66
107.765	136.65
107.775	126.51
107.785	125.41
107.795	124.18
107.805	123.91
107.815	126
107.825	127.44
107.835	128.26
107.845	131.3
107.855	130.48
107.865	129.07
107.875	126.38
107.885	123.04
107.895	122.65
107.905	129.3
107.985	179.18
107.995	166.89
108.005	156.29
108.015	141.97
108.025	136.1
108.035	130.83
108.045	129.17
108.055	125.64
108.065	122.43
108.075	120.86
108.085	121.77
108.095	126.3
108.105	122.79
108.115	120.08
