time	f0
0.088	247.47
0.098	229.54
0.108	219.52
0.118	207.84
0.128	185.3
0.138	166.47
0.148	162.4
0.158	158.32
0.168	156.99
0.178	156.97
0.188	152.51
0.198	152
0.208	150.91
0.218	150.42
0.228	150.46
0.238	150.24
0.248	149
0.258	148.38
0.268	148.43
0.278	147.55
0.288	146.71
0.298	146.26
0.308	145.59
0.318	143.46
0.328	143.39
0.338	142.4
0.348	141.42
0.358	139.71
0.368	139.23
0.378	140.63
0.388	142.15
0.398	142.5
0.408	141.48
0.418	139.75
0.428	139.64
0.438	140.36
0.448	140.34
0.458	139.91
0.468	139.27
0.478	139.16
0.488	139.04
0.498	138.93
0.508	138.82
0.518	138.78
0.528	138.71
0.538	139.01
0.548	139.03
0.558	138.8
0.568	138.74
0.578	138.04
0.588	138.01
0.598	137.95
0.608	136.58
0.618	136.76
0.628	137.08
0.638	134.84
0.648	135.64
0.678	142.88
0.688	145.05
0.698	142.53
0.708	140.76
0.718	137.66
0.728	138.07
0.738	141.46
0.748	134.31
0.758	133.47
0.768	134.61
0.778	137.32
0.898	153.34
0.908	150.56
0.918	148.35
0.928	147.77
0.938	147.83
0.948	145.86
0.958	146.52
0.968	147.16
0.978	147.92
0.988	148.7
0.998	150.33
1.008	152.84
1.018	152.83
1.028	153
1.038	153.72
1.048	157.68
1.058	153.7
1.068	151.72
1.198	165.6
1.208	163.19
1.218	163.35
1.228	163.43
1.238	164.78
1.248	165.37
1.258	166.16
1.268	166.09
1.278	167.25
1.288	167.26
1.298	169.16
1.308	172.64
1.318	175.09
1.328	175.05
1.338	172.09
1.348	172.97
1.358	173.36
1.368	170.46
1.378	164.15
1.388	169.23
1.398	169.2
1.408	168.38
1.418	169.99
1.428	174.57
1.438	177.42
1.448	170.52
1.458	173.97
1.468	175.78
1.478	169.68
1.488	149.2
1.498	141.36
1.508	140.34
1.518	137.84
1.528	138.26
1.538	137.17
1.548	135.51
1.558	134.72
1.568	135.39
1.578	133.6
1.588	134.45
1.598	134.56
1.608	134.92
1.618	134.05
1.628	134.27
1.638	132.27
1.648	131.65
1.658	130.17
1.668	137.04
1.678	136.02
1.688	134.55
1.698	134.92
1.708	134.82
1.718	133.54
1.728	132.74
1.738	132.05
1.748	131.34
1.758	131.41
1.768	131.23
1.778	130.48
1.788	130.31
1.798	130.3
1.808	129.91
1.818	128.82
1.828	127.33
1.838	128.17
1.958	143.11
1.968	138.16
1.978	138.52
1.988	137.4
1.998	139.09
2.008	140.04
2.018	140.78
2.028	141.16
2.038	143.07
2.048	144.88
2.058	146.58
2.068	148.62
2.078	149.82
2.088	151.06
2.098	152.8
2.108	154.08
2.118	154.95
2.128	155.73
2.138	158.51
2.148	156.55
2.158	156.57
2.168	159.6
2.178	163.7
2.188	165.59
2.198	154.65
2.228	160.91
2.238	157.56
2.248	159.82
2.258	160.56
2.958	174.27
2.968	154.3
2.978	153.17
2.988	152.36
2.998	152.1
3.008	152.19
3.018	153.45
3.028	160.12
3.038	160.48
3.048	162.53
3.058	165.6
3.068	172.38
3.078	173.8
3.088	173.62
3.098	174.42
3.108	176.32
3.118	174.93
3.128	174.88
3.138	172.8
3.148	171.89
3.158	168.99
3.168	169
3.178	163.09
3.188	157.75
3.198	154.8
3.208	154.88
3.218	152.71
3.228	152.22
3.238	151.63
3.248	150.97
3.258	148.16
3.268	148.85
3.278	147.08
3.288	146.54
3.298	144.96
3.308	142.82
3.318	142.66
3.328	147.24
3.338	145.71
3.348	146.01
3.358	145.55
3.428	140.63
3.438	140.48
3.448	140.34
3.458	135.72
3.468	137.36
3.478	147.42
3.548	160.39
3.558	168.47
3.568	174.61
3.578	176.91
3.588	180.23
3.598	174.76
3.608	183.44
3.618	188.05
3.628	185.93
3.638	191.08
3.648	192.35
3.658	192.51
3.668	193.61
3.678	192.37
3.688	191.52
3.698	191.97
3.708	190.65
3.718	189.17
3.728	189.47
3.738	189.97
3.748	178.84
3.758	171.77
3.768	166.32
3.778	160.17
3.788	153.2
3.798	150.51
3.808	145.56
3.818	145.08
3.828	142.01
3.838	138.28
3.848	138.81
3.858	138.94
3.868	135.8
3.878	133.65
3.888	137.26
3.898	138.49
3.908	130.15
3.918	131.26
3.928	131.56
3.938	128.85
3.948	144.84
3.958	136.87
3.968	134.81
3.978	129.88
3.988	130.72
3.998	130.94
4.008	129
4.018	128.89
4.028	127.46
4.038	127.24
4.048	128.07
4.058	128.67
4.068	127.86
4.078	127.79
4.088	128.93
4.098	127.54
4.108	126.14
4.708	154.74
4.718	152.23
4.728	140.83
4.738	138.93
4.748	135.58
4.758	138.54
4.768	136.42
4.778	135.17
4.788	136.02
4.798	134.41
4.808	134
4.818	134.12
4.828	133.52
4.838	132.66
4.848	133.75
4.858	135.8
4.868	135.42
4.878	135.54
4.888	136.32
4.898	136.31
4.908	135.6
4.918	135.2
4.928	134
4.938	133.62
4.948	133.89
4.958	134.4
4.968	133.52
4.978	133.81
4.988	133.46
4.998	133.18
5.008	133.92
5.018	134.92
5.028	132.51
5.038	130.52
5.148	141.2
5.158	139.31
5.168	136.36
5.178	139.18
5.188	137.32
5.198	135.51
5.208	137.91
5.218	137.42
5.228	139.04
5.238	142.42
5.248	147.52
5.258	153.2
5.268	161.62
5.278	167.56
5.288	173.25
5.298	176.44
5.308	177.91
5.318	171.58
5.328	170
5.338	173.43
5.348	167.21
5.428	157.4
5.438	148.4
5.448	143.73
5.458	140.91
5.468	138.87
5.478	139.6
5.488	138.01
5.498	135.74
5.508	137
5.518	138.56
5.528	135.52
5.538	136.56
5.548	149.51
5.558	153.62
5.858	148.75
5.868	144.16
5.878	140.21
5.888	138.9
5.898	138.77
5.908	138.75
5.918	135.28
5.928	141.67
5.938	142.2
5.948	140.57
5.958	139.48
5.968	136.76
5.978	143.14
5.988	142.44
6.018	161.16
6.028	148.22
6.038	138.75
6.048	143.09
6.058	134.9
6.068	139.54
6.078	134.67
6.088	137.78
6.098	135.47
6.108	133.13
6.118	138.5
6.128	137.99
6.138	133.43
6.178	146.97
6.188	148.27
6.198	147.25
6.208	146.17
6.218	145.27
6.228	145.25
6.238	145.19
6.248	145.02
6.258	145.58
6.268	145.53
6.278	145.6
6.288	143.8
6.298	145.44
6.308	144.87
6.318	144.36
6.328	151.8
6.338	151.15
6.348	146.16
6.358	144.84
6.368	139.61
6.378	136.85
6.388	140.3
6.398	142.17
6.408	139.89
6.418	139.6
6.428	137.73
6.438	137.19
6.448	142.15
6.458	141.7
6.468	144.1
6.498	148.92
6.508	144.3
6.518	144.07
6.528	140.76
6.538	137.96
6.548	141.24
6.558	140.4
6.568	134.66
6.578	152.26
6.588	158.64
6.598	162.68
6.608	168.49
6.618	169.03
6.628	168.89
6.638	167.92
6.648	169.08
6.658	167.74
6.668	167.11
6.678	167.89
6.688	167.68
6.698	166
6.708	168.25
6.718	165.59
6.728	165.97
6.758	156.07
6.768	153.95
6.778	157.15
6.788	154.09
6.798	155.39
6.808	155.5
6.818	154.7
6.828	156.61
6.838	160.47
6.848	162.59
6.858	164.93
6.868	168.39
6.878	174.13
6.888	174.11
6.898	174.77
6.908	178.04
6.918	175.75
6.928	175.94
6.938	174.76
6.948	173.98
6.958	170.69
6.968	165.02
6.978	156.33
6.988	156.56
6.998	164.97
7.008	151.9
7.018	152.88
7.028	138.6
7.038	142.11
7.048	145.99
7.058	149.54
7.068	151.52
7.078	152.59
7.088	156.39
7.098	156.31
7.108	155.64
7.118	155.02
7.128	156.37
7.138	156.16
7.148	154.73
7.158	156.44
7.208	155.33
7.218	156.75
7.228	158.02
7.238	154.48
7.248	154.92
7.308	140.75
7.318	142.6
7.328	139.77
7.338	138.59
7.348	138.15
7.358	138.43
7.368	139.14
7.378	131.9
7.488	156.38
7.498	153.92
7.508	153.49
7.518	154.18
7.528	155.6
7.538	156.28
7.548	156.62
7.558	158.65
7.568	157.66
7.578	159.17
7.588	162.41
7.598	166.29
7.608	169.47
7.618	168
7.628	166.1
7.638	165.13
7.648	161.01
7.658	155.67
7.668	153.37
7.678	151.32
7.688	150.78
7.698	146.27
7.788	153.24
7.798	143.63
7.808	138.75
7.818	137.03
7.828	140.76
7.838	139.15
7.848	131.66
7.858	137.9
7.868	139.48
7.878	137.7
7.888	137.83
7.898	139.26
7.908	139.49
7.918	141.2
7.928	142.44
7.938	146.4
7.948	150.82
7.958	150.87
7.968	154.41
7.978	156.09
7.988	158.3
7.998	159.72
8.008	164.28
8.018	163.97
8.028	167.24
8.038	170.84
8.048	169.75
8.058	168.63
8.068	169
8.078	167.85
8.088	162.09
8.098	160.4
8.108	158.15
8.118	156.22
8.128	153.15
8.138	153.71
8.148	148.49
8.158	146.2
8.168	145.54
8.178	136.43
8.188	141.05
8.198	134.12
8.208	135.21
8.218	135.28
8.228	141.09
8.238	145.88
8.248	146.29
8.258	145.69
8.268	145.16
8.278	144.5
8.288	147.31
8.298	147.67
8.308	147.25
8.318	147.62
8.328	147.91
8.338	147.39
8.348	150.64
8.358	148.97
8.368	147.68
8.378	147.84
8.388	142.34
8.398	142.67
8.408	144.24
8.418	144.57
8.428	142.37
8.528	157.47
8.538	155.17
8.548	153.06
8.558	154.09
8.568	153.98
8.578	151.64
8.588	150.93
8.598	149.67
8.608	151.18
8.618	149.22
8.628	150.91
8.638	151.75
8.648	152.89
8.658	151.23
8.668	152.02
8.678	153.22
8.728	160.1
8.738	150.08
8.748	146.02
8.758	143.13
8.768	142.9
8.778	136.66
8.788	138.3
8.798	141.62
8.808	139.03
8.818	129.87
8.828	140.04
8.838	137.85
8.848	131.83
8.858	133.86
8.868	133.31
8.878	131.72
8.888	130.98
8.898	132.06
8.908	133.26
8.938	146.61
8.948	146.01
8.958	147.66
8.968	150.5
8.978	152.7
8.988	152.06
8.998	148.25
9.008	149.3
9.018	150.21
9.028	148.18
9.038	149.16
9.048	148.75
9.818	153.02
9.828	142
9.838	140.2
9.848	138.35
9.858	137.32
9.868	137
9.878	139.18
9.888	134.41
10.028	159.73
10.038	156.72
10.048	157.6
10.058	158.2
10.068	159.23
10.078	159.52
10.088	160.29
10.098	159.99
10.108	159.43
10.118	158.97
10.128	157.38
10.138	156.46
10.148	156.13
10.158	154.34
10.168	152.53
10.178	153.55
10.188	152.18
10.198	147.2
10.208	146.33
10.218	147.11
10.228	147.45
10.238	149.05
10.248	155.04
10.258	156.26
10.268	153.27
10.278	152.67
10.918	167.42
10.928	160.42
10.938	156.36
10.948	154.06
10.958	153.99
10.968	154.85
10.978	154.38
10.988	152.64
10.998	151.77
11.008	152.13
11.018	150.91
11.028	150.14
11.038	147.87
11.048	144.99
11.058	146.15
11.068	146.27
11.078	152.94
11.088	149.18
11.098	150.3
11.108	152.98
11.158	152.3
11.168	147.59
11.178	144.83
11.188	144.89
11.198	143.4
11.208	140.13
11.218	140.14
11.228	140.67
11.238	140.37
11.248	141.02
11.258	142.25
11.268	142.64
11.278	144.1
11.288	145.91
11.298	146.3
11.308	146.85
11.318	147.02
11.328	149.66
11.338	149.12
11.348	149.68
11.358	150.67
11.368	149.08
11.378	149.21
11.388	148.35
11.398	145.89
11.408	144.51
11.418	143.34
11.428	142.05
11.438	143.02
11.448	143.86
11.458	145.08
11.468	144.87
11.478	145.12
11.488	145.28
11.498	144.41
11.508	144.48
11.518	144.15
11.528	141.85
