time	f0
0.034	332.44
0.044	372.03
0.054	379.08
0.064	373.28
0.074	372.31
0.084	368.66
0.094	360.51
0.104	359.55
0.124	197.6
0.134	201.34
0.144	199.4
0.154	199.94
0.164	198.39
0.174	199.19
0.184	198.07
0.194	195.36
0.204	194.3
0.214	192.89
0.224	193.35
0.234	194.45
0.244	193.39
0.254	192.08
0.264	187.44
0.274	187.21
0.284	186.18
0.294	189.87
0.304	188.64
0.314	188.16
0.324	188.34
0.334	187.99
0.344	186.81
0.354	186.05
0.364	183.83
0.374	181.22
0.384	183.78
0.394	183.63
0.404	183.42
0.414	183.79
0.424	184.85
0.434	185.86
0.444	188.04
0.454	187.57
0.464	185.78
0.474	185.44
0.484	180.73
0.494	178.03
0.504	182.41
0.624	244.69
0.634	229
0.644	232.37
0.654	229.9
0.664	230.56
0.674	230.76
0.684	230.67
0.694	232.47
0.704	233.38
0.714	235.22
0.724	236.78
0.734	237.62
0.744	238.41
0.754	239.41
0.764	239.39
0.774	240.58
0.784	242.48
0.794	243.8
0.804	245.52
0.814	246.49
0.824	245.51
0.834	245.43
0.844	246.83
0.854	248.67
0.864	245.29
0.874	244.28
0.884	245.4
0.894	245.77
0.904	246.4
0.914	254.43
1.004	210.87
1.014	218.04
1.024	220.98
1.034	217
1.044	212.86
1.054	211.26
1.064	209.3
1.074	208.91
1.084	210.06
1.094	212.19
1.104	214.64
1.114	215.69
1.124	216.99
1.134	218.86
1.144	219.84
1.154	219.19
1.164	218.42
1.174	218.21
1.184	217.11
1.194	215.36
1.204	213.78
1.214	212.28
1.224	210.59
1.234	207.5
1.244	197.55
1.254	191.67
1.264	189.78
1.514	193.02
1.524	177.69
1.534	171.08
1.544	167.78
1.554	162.66
1.564	161.42
1.574	160.57
1.584	163.38
1.594	159.53
1.604	156.91
1.734	219.29
1.744	234.24
1.754	242.73
1.764	250.48
1.774	253.94
1.784	257.17
1.794	260.32
1.804	260.64
1.814	258.06
1.824	251.23
1.834	239.67
1.844	243.42
1.854	241.52
1.864	241.68
1.874	223.68
1.884	234.13
1.894	250.52
1.904	259.14
1.914	249.88
2.024	226.04
2.034	219.48
2.044	220.03
2.054	218.05
2.064	217
2.074	215.87
2.084	230.24
2.214	220.83
2.224	215.05
2.234	211.29
2.244	208.17
2.254	204.11
2.264	201.34
2.274	202.37
2.284	200.35
2.294	202.12
2.304	205.95
2.434	210.18
2.444	211.92
2.454	212.41
2.464	210.06
2.474	205.91
2.484	203.35
2.494	200.02
2.504	198.46
2.514	195.65
2.524	195.2
2.534	193.92
2.544	193.83
2.554	191.72
2.564	189.06
2.574	186.63
2.584	187.62
2.594	188.4
2.604	190.37
2.614	190.06
2.624	193.23
2.634	200.7
2.644	202.13
3.634	189.79
3.644	191.03
3.654	195.17
3.664	190.23
3.674	184.22
3.684	179.16
3.694	175.38
3.704	171.56
3.714	174.47
3.724	167.24
3.734	167.67
3.744	167.27
3.754	164.43
3.764	164.69
3.774	165.59
3.784	165.95
3.794	164.54
3.804	163.27
3.814	163.91
3.824	164.47
3.834	163.11
3.844	161.9
3.854	161.57
3.864	160.77
3.874	160.39
3.884	160.95
3.894	164
3.904	164.88
3.914	168.82
3.924	170.75
3.934	170.51
3.944	169.92
3.954	170.26
3.964	169.07
3.974	168.18
3.984	167.5
3.994	167.02
4.004	166.11
4.014	165.6
4.024	164.87
4.034	164.33
4.044	165.04
4.054	165.89
4.064	167.13
4.074	165.45
4.084	164.41
4.094	158.59
4.104	167.58
4.114	162.65
4.124	161.92
4.134	158.75
4.144	155.05
4.154	151.79
4.164	143.33
4.174	136.18
4.184	129.99
4.194	126.45
4.204	122.84
4.214	127.22
4.224	130.93
4.234	131.23
4.244	210.16
4.254	211.62
4.264	201.96
4.284	382.16
4.294	373.28
4.334	152.36
4.344	151.34
4.354	150.22
4.364	149.8
4.374	146.95
4.384	146.45
4.394	146.06
4.404	144.84
4.414	148.38
4.424	148.2
4.434	147.26
4.444	147.46
4.454	148.16
4.464	148.41
4.474	149.41
4.484	151.35
4.494	154.31
4.504	156.55
4.514	157.98
4.524	158.75
4.534	157.75
4.544	156.6
4.554	158.12
4.564	160.45
4.574	152.39
4.584	156.51
4.594	157.4
5.114	167.97
5.124	174.31
5.134	173.12
5.144	171.67
5.154	169.68
5.164	168.23
5.174	171.75
5.184	171.25
5.194	172.44
5.204	172.14
5.214	171.75
5.224	170.26
5.234	166.4
5.244	166.38
5.254	168.28
5.264	167.37
5.274	167.55
5.284	159.59
5.454	188.99
5.464	187.31
5.474	186.63
5.484	187.69
5.494	189.92
5.504	190.56
5.514	191.8
5.524	191.85
5.534	189.77
5.544	193.58
5.554	196.53
5.564	196.61
5.574	192.72
5.584	194.17
5.594	189.35
6.044	178.24
6.054	184.58
6.064	192.72
6.074	199.41
6.084	207.81
6.094	214.13
6.104	205.44
6.114	199.61
6.124	204.73
6.134	205.55
6.144	201.49
6.154	197.65
6.164	204.74
6.174	206.06
6.534	184.36
6.544	184.96
6.554	177.02
6.564	174.51
6.764	182.75
6.774	191.67
6.784	191.21
6.794	188.81
6.804	188.22
6.814	185.49
6.824	180.13
7.564	191.67
7.574	184.96
7.584	184.02
7.594	176.44
7.604	181.66
7.614	179.61
7.624	176.36
7.634	172.15
7.644	181.71
8.434	189.46
8.444	182.07
8.454	173.78
8.464	169.09
8.474	165.3
8.484	164.63
8.494	169.14
8.504	164.16
8.514	164.39
8.524	164.58
8.534	163.22
8.544	164.14
8.554	173.3
8.714	188.01
8.724	175.68
8.734	188.38
9.084	372.01
9.094	383.78
9.144	218.33
9.154	224.89
9.164	224.99
9.174	227.21
9.184	230.73
9.194	232.52
9.204	233.26
9.214	232.45
9.224	234.18
9.234	254.89
9.304	247.4
9.314	244.98
9.324	253.86
9.334	241.9
9.344	245.23
9.354	240.52
9.364	240.38
9.374	200.66
9.384	212.47
9.394	203.85
9.404	198.35
9.414	195.91
9.424	194.46
9.434	191.86
9.444	204.03
9.514	201.73
9.524	224.85
9.534	210.75
9.544	215.63
9.554	209.35
9.564	206.77
9.574	202.38
9.584	194.94
9.684	216.4
9.694	196.72
9.704	195.85
9.714	195.52
9.724	193.89
9.884	202.85
9.894	208.86
9.904	201.37
9.914	186.5
9.924	198.45
9.934	198.64
10.244	228.87
10.254	236.75
10.264	244.15
10.274	247.11
10.284	251.81
10.294	260.87
10.304	264.49
10.314	274.88
10.324	293.12
10.334	297.51
10.344	319.6
10.354	326.75
10.364	350.87
10.374	338.72
10.384	343.87
10.394	316.07
10.404	259.45
11.334	236.75
11.344	218.24
11.354	203.74
11.364	204.04
11.374	200.07
11.384	196.67
11.394	191.15
11.404	182.47
11.414	179.15
11.424	176.84
11.434	182.49
11.444	179.25
11.454	177.24
11.464	175.5
11.474	173.6
11.484	173.02
11.494	169.84
11.504	167.22
11.514	167.5
11.524	167.8
12.164	222.29
12.174	222.27
12.184	233.42
12.194	237.92
12.204	243.98
12.214	243.86
12.224	252.44
12.234	254.08
12.244	256.1
12.254	262.47
12.264	275.76
12.274	292.14
12.284	275.69
12.294	274.91
12.304	281.94
12.524	231.96
12.534	208.47
12.544	204.28
12.554	199.99
12.564	198.39
12.574	201.83
12.764	196.59
12.774	197.92
12.784	197.43
12.794	183.54
12.804	196.24
12.814	198.24
13.394	183.88
13.404	166.2
13.414	173.44
13.424	169.53
13.434	175.63
13.444	172.76
13.454	166.95
13.464	177.95
13.674	208.44
13.684	209.26
13.694	198.91
13.704	198.06
14.014	135.29
14.414	118.71
14.444	141.65
14.454	143.78
14.464	142.88
14.474	140.14
14.484	138.67
14.494	138.09
14.504	134.53
15.174	172.1
15.184	126.55
15.194	164.1
15.204	165.64
15.334	169.55
15.344	166.33
15.354	163.61
15.364	162.35
15.374	160.43
15.384	159.97
15.394	159.47
15.404	158.66
15.414	157.06
15.424	157.04
15.434	155.94
15.444	153.77
15.454	161.05
15.464	161.36
15.474	162.16
15.484	161.2
15.494	157.15
15.504	160.06
15.514	153.6
15.524	151.8
15.534	155
15.544	155.76
15.554	155.48
15.564	154.62
15.574	153.26
15.584	154.45
15.594	153.38
15.604	154.77
15.614	155.47
15.624	155.23
15.634	155.78
15.644	153.55
15.954	138.42
15.964	146.47
15.974	158.6
15.984	151.46
15.994	153.56
16.004	149.42
16.014	155.42
16.024	155.24
16.074	166.89
16.084	163.1
16.134	166.59
16.144	176.99
16.154	169.86
16.164	175.52
16.174	179.57
16.184	172.59
16.244	159.62
16.254	158.56
16.264	160.57
16.464	175.97
16.474	167.84
16.484	171.73
16.494	173.71
16.504	175.21
16.514	174.2
16.524	172.1
16.534	171.05
16.544	167.43
16.554	166.46
16.564	164.7
16.574	163.49
16.584	161.27
16.594	158.29
16.604	162.69
16.704	166.46
16.714	165.76
16.724	164.91
16.734	161.77
16.744	162.36
16.754	165.54
16.764	166.05
16.774	164.39
16.784	166.12
16.864	175.47
16.874	149.36
16.884	164.55
16.894	159.18
16.904	160.01
16.914	160.86
16.924	160.69
16.934	156.5
16.944	162.59
17.404	161.04
17.414	176.33
17.424	170.61
17.434	169.38
17.444	166.08
17.454	165.88
17.464	157.14
17.474	158.31
17.484	158.24
17.494	157.56
17.504	157.15
17.514	158.01
17.524	160.62
17.534	165.43
17.544	164.54
17.554	163.24
17.564	161.5
17.574	158.13
17.584	157.57
17.594	156.26
17.604	154.98
17.614	157.23
17.624	158.6
17.634	156.77
17.774	167.97
17.784	166.82
17.794	158.94
17.804	160.37
17.814	159.61
17.824	156.79
17.834	163.53
17.844	160.27
17.854	149.86
17.914	195.78
17.994	170.7
18.004	172.65
18.014	159.5
18.024	165.4
18.034	163.68
18.044	162.2
18.054	161.17
18.064	161.76
18.074	158.23
18.084	160.14
18.094	158.94
18.104	159.37
18.114	157.64
18.364	257.88
18.374	226.03
18.384	215.32
18.394	220.74
18.404	206.27
18.444	207.81
18.454	203.56
18.464	208.93
18.504	237.63
18.514	237.19
18.524	242.92
18.534	244.23
18.544	238.1
18.554	226.11
18.564	225.01
18.574	223.68
18.584	239.35
18.634	121.09
18.644	120.24
18.654	123.19
18.664	119.85
18.794	205.33
18.804	214.88
18.814	214.67
18.824	211.31
18.834	209.24
18.844	208.61
18.854	207.74
18.864	207.91
18.874	207.32
18.884	206.12
18.894	203.56
18.904	203.17
18.914	205.84
18.924	206.28
18.934	208.04
18.944	208.53
18.954	204.34
18.964	205.48
18.974	202.66
19.124	326.08
19.134	315.69
19.184	159.66
19.194	179.41
19.204	176.34
19.214	173.29
19.224	165.56
19.234	168.75
19.294	177.52
19.304	173.71
19.314	172.65
19.324	166.58
19.334	159.99
19.344	153.12
19.354	152.26
19.364	151.18
19.374	149.97
19.384	149.67
19.394	149.97
19.404	149.44
19.414	151.18
19.424	152.4
19.434	153.02
19.444	151.79
19.454	150.55
19.584	229.08
19.594	241
19.604	252.22
19.684	169.09
19.694	173.67
19.704	173.52
19.714	173.79
19.724	171.98
19.734	171.55
19.744	173.08
19.754	173.5
19.764	173.27
19.774	173.74
19.784	176.42
20.184	181.64
20.194	172.5
20.204	176.59
20.314	172.29
20.324	187.38
20.334	177.5
20.344	169.2
20.354	165.49
20.364	162.38
20.374	158.85
20.384	156.11
20.394	157.05
20.404	156.32
20.414	155.08
20.424	153.8
20.434	157.25
20.604	350.08
20.614	357.35
20.624	345.13
21.224	154.81
21.234	123.54
21.244	166.88
21.254	123.58
21.264	125.39
21.294	124.04
