time	f0
0.02	265.83
0.03	259.67
0.04	252.49
0.05	247.01
0.06	244.38
0.07	244
0.08	240.02
0.09	236.33
0.1	238.27
0.11	237.26
0.12	233.65
0.13	233.97
0.14	232.31
0.15	230.99
0.16	230.13
0.17	227.9
0.18	226.45
0.19	223.94
0.2	223.53
0.21	223.45
0.22	222.62
0.23	220.75
0.24	218.7
0.25	219.16
0.26	220.61
0.27	219.96
0.28	219.08
0.29	218.68
0.3	217.31
0.31	216.71
0.32	215.19
0.33	212.63
0.34	211.41
0.35	210.55
0.36	209.12
0.37	207.13
0.38	205.7
0.39	202.25
0.4	198.85
0.41	195.55
0.42	193.1
0.43	190.35
0.44	190.18
0.45	187.7
0.46	187.44
0.47	186.06
0.48	182.87
0.49	184.05
0.5	183.92
0.51	181.21
0.52	179.18
0.53	177.46
0.59	81.37
0.6	79.73
0.61	81.29
0.62	81.73
0.63	81.05
0.64	80.18
0.65	80.03
0.66	79.61
0.67	81.74
0.68	80.16
0.69	80.83
0.9	217.25
0.91	218.7
0.92	216.07
0.93	214.21
0.94	212.27
0.95	209.91
0.96	208.44
0.97	207.16
0.98	204.71
0.99	202.2
1	202.11
1.01	201.72
1.02	199.24
1.03	200.37
1.04	202.51
1.05	203.46
1.06	203.58
1.07	202.86
1.08	199.86
1.09	201.89
1.1	201.7
1.11	200.76
1.12	201.29
1.13	200.13
1.14	198.92
1.15	199.11
1.16	199.4
1.17	198.76
1.18	197.54
1.19	197.78
1.2	198.33
1.21	199.29
1.22	199.62
1.23	200.36
1.24	201.19
1.25	200.68
1.26	200.41
1.27	200.45
1.28	200.36
1.29	201.86
1.3	202.85
1.31	201.67
1.32	200.5
1.33	201.53
1.34	202.14
1.35	202.56
1.36	204.48
1.37	204.47
1.38	203.09
1.39	201.78
1.4	192.45
1.41	198.89
1.42	207.48
1.43	208.71
1.44	205.46
1.45	199.77
1.46	207.15
1.55	118.54
1.56	114.71
1.57	113.3
1.59	222.92
1.6	220.13
1.61	220.49
1.62	220.79
1.63	220.28
1.64	221.35
1.65	223.13
1.66	226.33
1.67	228.47
1.68	231.43
1.69	233.46
1.7	235.51
1.71	236.67
1.72	239.54
1.73	245.73
1.74	247.74
1.75	250.96
1.76	256.92
1.77	262.46
1.78	265.57
1.79	267.74
1.8	274.21
1.81	277.71
1.82	282.48
1.83	283.06
1.84	276.59
1.85	268.41
1.86	268.91
1.87	272.58
1.88	273.3
1.89	276.66
1.9	277.68
1.91	281.21
1.92	283.2
1.93	277.27
1.94	277.14
1.95	277.54
1.96	268.24
1.97	255.55
2.45	231.43
2.46	228.03
2.47	223.94
2.48	220.52
2.49	219.04
2.5	217.26
2.51	213.88
2.52	208.48
2.53	213.4
2.54	217.92
2.55	220.07
2.56	217.08
2.57	215.12
2.58	217.17
2.59	214.84
2.6	214.58
2.61	213.68
2.62	211.59
2.63	209.68
2.64	208.62
2.65	207.36
2.66	206.14
2.67	205.42
2.68	205.58
2.69	211.26
2.7	210.27
2.71	210.76
2.72	211.1
2.73	209.87
2.74	208.22
2.75	207.07
2.76	207.49
2.77	207.89
2.78	210.71
2.79	213.64
2.8	208.5
2.81	205.12
2.82	203.28
2.83	201.47
2.84	200.45
2.85	200.43
2.86	200.03
2.87	200.15
2.88	200.74
2.89	201.1
2.9	200.02
2.91	198.74
2.92	199.12
2.93	198.95
2.94	198.72
2.95	198.76
2.96	198.73
2.97	198.91
2.98	199.6
2.99	200.41
3	200.51
3.01	199.67
3.02	198.78
3.03	202.84
3.04	204.26
3.05	204.5
3.06	204.23
3.07	204.64
3.08	204.82
3.09	204.35
3.1	204.56
3.11	206.21
3.12	207.7
3.13	208.25
3.14	208.72
3.15	209.15
3.16	208.56
3.17	207.23
3.18	206.2
3.19	206.17
3.2	211.61
3.21	211.17
3.22	212.77
3.32	91.04
3.33	91.78
3.34	92.29
3.35	101.65
3.36	105.38
3.37	102.89
3.38	102.7
3.39	102.72
3.4	101.3
3.41	101.38
3.42	101.07
3.43	100.17
3.44	98.57
3.45	97.11
3.46	96.45
3.47	96.05
3.48	94.76
3.49	185.65
3.5	186.22
3.51	186.85
3.52	184.38
3.53	190.14
3.54	182.26
3.55	185.26
3.56	183.39
3.57	179.41
3.65	105.71
3.66	101.28
3.67	100.61
3.68	100.76
3.69	97.35
3.7	100.34
3.71	98.22
3.72	193.08
3.73	191.79
3.74	192.92
3.75	188.08
3.76	188.1
3.77	191.55
3.78	198.9
3.97	103.05
3.98	102.57
3.99	102.25
4	103.78
4.01	105.15
4.02	105.42
4.03	106.02
4.04	106.73
4.05	108.83
4.06	108.54
4.07	111.21
4.08	109.91
4.09	107.5
4.1	107.17
4.11	107.03
4.19	117.98
4.2	118.9
4.21	119.05
4.22	118.44
4.23	115.58
4.24	241.98
4.25	242.46
4.26	247.47
4.27	234.92
4.28	225.93
4.29	232.56
4.66	252.47
4.67	230.02
4.68	210.41
4.69	210.42
4.7	211.44
4.71	211.86
4.72	212.16
4.73	214.74
4.74	214.27
4.75	211.41
4.76	209.11
4.77	206.33
4.78	204.1
4.79	202.51
4.8	200.58
4.81	199
4.82	197.41
4.83	197.22
4.84	196.93
4.85	195.37
4.86	194.62
4.87	194.17
4.88	192.39
4.89	191.79
4.9	190.03
4.91	188.33
4.92	188.51
4.93	188.63
4.94	188.01
4.95	186.95
4.96	186.2
4.97	188.87
4.98	191.57
4.99	191.5
5	189.21
5.01	186.21
5.02	187.98
5.03	191.44
5.04	190.2
5.05	190.18
5.06	190.64
5.07	187.06
5.08	189.52
5.11	97.52
5.12	96.57
5.13	96.71
5.14	96.55
5.15	96.59
5.16	96
5.17	96.25
5.18	95.92
5.19	95.75
5.2	95.35
5.21	95.49
5.22	95.35
5.23	192.84
5.24	193.01
5.25	196.2
5.26	199.15
5.27	193.01
5.28	195.77
5.29	194.12
5.3	196.57
5.31	195.82
5.32	193.77
5.33	199.32
5.34	240.2
5.35	206.87
5.36	206.31
5.37	206.15
5.38	200.91
5.39	199.91
5.4	198.44
5.41	197.69
5.42	197.72
5.43	197.08
5.44	196.68
5.45	196.16
5.46	195.24
5.47	194.15
5.48	193.86
5.49	193.12
5.5	191.58
5.51	190.39
5.52	193.21
5.53	193.76
5.54	194
5.55	195.41
5.56	195.85
5.59	185.07
5.6	185.53
5.61	183.06
5.62	181.67
5.63	182.59
5.64	182.53
5.65	182.18
5.66	183.71
5.67	182.53
5.68	180.38
5.69	181.67
5.7	181.22
5.71	178.66
5.72	183.87
5.73	184.86
5.74	177.45
5.75	178.08
5.76	178.29
5.77	178.34
5.78	213.11
5.79	180.13
5.8	182.53
5.81	181.44
5.82	181.06
5.83	178.19
5.84	179.27
5.85	179.62
5.86	181.46
5.87	182.61
5.88	186.29
5.89	186.04
5.9	185.45
5.91	179.55
5.92	175.94
5.93	185
5.94	184.88
6.57	255.33
6.58	272.93
6.59	264.46
6.6	266.15
6.61	283.38
6.62	267.31
6.63	240.24
6.64	218.39
6.65	225.12
6.66	247.88
6.67	218.6
6.68	219.55
6.69	220.15
6.72	277.09
6.73	262.19
6.74	256.82
7.41	78.25
7.42	79.33
7.43	78.63
7.44	80.86
7.45	83.4
7.46	82.54
7.47	81.51
7.48	83.7
7.49	81.83
7.56	149.55
7.57	149.73
7.73	93.38
7.74	94.51
7.75	94.37
7.76	94.05
7.77	94.62
7.78	97.22
7.79	99.98
7.8	105.69
7.81	104
7.9	261.85
7.91	264.91
7.92	256.95
7.93	232.23
7.94	231.22
7.95	237.15
7.96	240.71
7.97	250.69
7.98	251.26
7.99	237.69
8.25	85.24
8.26	83.46
8.29	80.29
8.3	82.42
8.4	101.51
8.41	101.76
8.42	99.65
8.43	99.99
8.44	99.18
8.45	100.66
8.46	103.46
8.47	108.52
8.48	111.77
8.49	113.49
8.5	113.1
8.51	112.13
8.52	105.24
8.53	103.87
8.54	93.58
8.84	265.91
8.85	249.99
8.86	262.25
9.24	229.57
9.25	230.22
9.26	229.7
9.27	227.57
9.28	225.01
9.29	222.49
9.3	221.51
9.31	220.33
9.32	218.06
9.33	215.71
9.34	212.45
9.35	208.86
9.36	207.04
9.37	210.24
9.38	212.08
9.39	213.6
9.4	224.44
9.41	218.39
9.42	217.26
9.43	213.23
9.44	207.98
9.45	212.78
9.46	211.75
9.47	217.72
9.48	229.48
9.49	229.96
9.5	226.05
9.51	223.71
9.52	223.51
9.53	225.61
9.54	228.45
9.55	229.97
9.56	232.55
9.57	231.97
9.58	229.48
9.59	228.82
9.6	229.77
9.61	231.4
9.62	231.37
9.63	229.78
9.64	237.36
9.65	236.61
9.66	232.35
9.67	225.8
9.68	218.28
9.69	210.88
9.7	204.69
9.71	200.35
9.72	197.95
9.73	214.26
9.74	210.37
9.75	215.65
9.76	214.49
9.77	206.51
9.78	206.63
9.79	200.02
9.8	217.52
9.81	219.14
9.82	207.98
9.83	205.96
9.84	207.68
9.85	208.04
9.86	203.86
9.87	204.8
10.23	204.21
10.24	204.42
10.25	203.18
10.26	202.27
10.27	201.58
10.28	200.87
10.29	200.46
10.3	201.06
10.31	201.73
10.32	203.69
10.33	202.95
10.34	203.38
10.35	201.87
10.36	200.59
10.37	199.28
10.38	199.54
10.39	199.95
10.4	199.97
10.41	203.4
10.42	208.64
10.43	208.46
10.44	206.38
10.45	205.71
10.46	205.64
10.47	204.35
10.48	204.14
10.49	205.04
10.5	205.92
10.51	207.12
10.52	207.02
10.53	202.69
10.54	202.04
10.55	205.94
10.56	210.03
10.57	209.34
10.58	215.4
10.59	204.71
10.6	206.04
10.61	208.13
10.62	204.34
10.63	206.15
10.64	206.74
10.65	203.94
10.69	89.23
10.7	104.94
10.71	104.33
10.72	104.74
10.73	104.7
10.74	104.73
10.75	104.41
10.76	104.29
10.77	104.1
10.78	104.04
10.79	104.24
10.8	209.85
10.81	212.43
10.82	214.37
10.83	214.52
10.84	212.68
10.85	212.15
10.86	213.52
10.87	215.38
10.88	217.89
10.89	223.2
10.9	225.96
10.91	227.11
10.92	228.02
10.93	224.21
10.94	220.59
10.95	218.25
10.96	217.78
10.97	215.87
10.98	214.07
10.99	211.42
11	209.65
11.01	208.53
11.02	206.55
11.03	206.27
11.04	206.62
11.05	205.78
11.06	204.36
11.07	204.49
11.08	206.51
11.09	208.64
11.1	207.6
11.11	207.01
11.12	207.65
11.13	206.01
11.14	206.23
11.15	207.88
11.16	206.83
11.24	77.91
11.25	93.59
11.26	97.48
11.27	98.77
11.28	97.94
11.29	196.33
11.3	199.81
11.31	201.12
11.32	200.71
11.33	198.92
11.34	198.83
11.35	200.87
11.36	196.59
11.37	194.87
11.38	195.88
11.39	196.82
11.4	196.73
11.41	198.26
11.42	199.23
11.43	199.25
11.44	199.93
11.45	199.89
11.46	199.79
11.47	204.2
11.48	208.96
11.49	208.67
11.5	209.2
11.51	212.02
11.52	215.96
11.53	209.53
11.54	205.82
11.55	204.16
11.56	204.14
11.57	203.99
11.58	209.93
11.59	210.08
11.69	115.68
11.7	111.93
11.71	108.87
11.72	107.82
11.73	107.81
11.74	107.54
11.75	107.08
11.76	107.16
11.77	107.25
11.78	107.19
11.79	106.91
11.8	107.27
11.81	107.63
11.82	108.23
11.83	108.78
11.84	109.65
11.85	110.36
11.86	111.3
11.87	113
11.88	112.38
11.9	230.53
11.91	234.87
11.92	229.36
11.93	223.36
11.94	225.44
11.95	230.78
13.15	206.25
13.16	206.31
13.17	205.07
13.18	202.64
13.19	201.75
13.2	199.43
13.21	201.37
13.22	203
13.23	204.42
13.24	206.78
13.25	207.8
13.26	204.97
13.27	200.81
13.28	199.46
13.29	195.76
13.3	195.56
13.31	195.85
13.32	194.64
13.33	191.49
13.34	192.07
13.35	193.89
13.36	192.51
13.37	190.98
13.38	190.44
13.39	189.55
13.4	188.61
13.41	187.32
13.42	187.31
13.43	185.94
13.44	184.56
13.45	183.72
13.46	182.94
13.47	183.34
13.48	182.19
13.49	184.15
13.5	184.14
13.51	184.24
13.52	184.46
13.83	78.15
13.86	235.9
13.87	232.35
13.88	228.91
13.89	229.48
13.9	228.76
13.91	226.53
13.92	224.45
13.93	222.28
13.94	222.38
13.98	227.5
13.99	223.87
14	222.72
14.05	153.57
14.06	152.24
14.07	152.65
14.4	96.54
14.41	96.91
14.42	96.2
14.43	196.33
14.44	199.32
14.45	196.32
14.46	192.29
14.47	189.11
14.48	186.34
14.49	185.95
14.5	184.92
14.51	193
14.52	190.89
14.53	189.13
14.58	187.6
14.59	189.17
14.6	192.06
14.61	192.76
14.62	192.32
14.63	192.38
14.64	191.69
14.65	190.44
14.66	191.48
14.67	195.87
14.68	190.86
14.69	190.2
14.7	191.93
14.71	191.93
14.72	193.25
14.73	198.51
14.74	196.67
14.75	201.31
14.76	202.29
14.77	202.61
14.78	203.95
14.79	204.71
14.8	205.63
14.81	207.08
14.82	207.33
14.83	209.06
14.84	211.15
14.85	212.68
14.86	213.45
14.87	212.87
14.88	211.21
14.89	210.97
14.9	209.6
14.91	212.3
14.92	212.07
14.93	208.15
14.94	204.86
14.95	206.77
14.96	206.76
14.97	206.04
14.98	209.32
14.99	210.64
15	212.45
15.01	212.38
15.08	78.7
15.09	78.59
15.1	78.77
15.11	80.03
15.12	83.78
15.14	108.54
15.15	108.17
15.16	106.03
15.17	105.93
15.18	105.04
15.19	103.87
15.2	103.35
15.21	104.25
15.22	103.95
15.23	103.23
15.24	101.78
15.25	100.6
15.26	99.51
15.27	99.2
15.28	100.17
15.29	100.86
15.3	101.63
15.31	102
15.32	101.6
15.39	275.02
15.4	263.71
15.41	256.13
15.42	254.71
15.43	255.86
15.44	257.6
15.45	256.95
15.46	253.7
15.47	250.65
15.48	248.2
15.49	246.85
15.5	249.76
15.51	249.66
15.52	248.08
15.53	244.81
15.54	243.42
15.55	240.14
15.56	235.07
15.57	230.57
15.58	232
15.59	239.16
15.6	244.66
15.61	235.99
15.62	241.75
15.63	248.31
15.64	232.56
15.87	103.8
15.88	101.73
15.89	102.73
15.9	102.3
15.91	102.68
15.92	104.23
15.93	102.31
15.94	101.06
15.95	101.95
15.96	102.28
15.97	102.56
15.98	102.67
15.99	103.04
16	102.61
16.01	102.79
16.03	94.6
16.04	94.03
16.05	92.82
16.06	93.22
16.07	94.06
16.08	94.81
16.09	95.36
16.1	96.4
16.11	96.17
16.12	92.69
16.19	97.68
16.2	97.81
16.21	97.38
16.22	96.58
16.23	95.57
16.24	94.63
16.25	93.92
16.26	94.09
16.27	95.71
16.28	97.34
16.29	97.23
16.3	102.06
16.31	98.41
16.32	97.99
16.33	100.09
16.34	97.97
16.35	96.98
16.36	97.55
16.37	95.89
16.38	94.36
16.83	78.38
16.84	77.72
16.85	84.67
16.86	97.14
16.87	104.54
16.88	105.24
16.89	104.27
16.9	102.25
16.91	100.48
16.92	100.46
16.93	99.72
16.94	98.48
16.95	98.12
16.96	97.61
16.97	96.81
16.98	96.3
16.99	95.66
17	95.59
17.01	96.7
17.02	97.91
17.03	98.88
17.04	99.21
17.05	99.25
17.06	99.72
17.07	99.74
17.08	98.92
17.09	98.94
17.1	99.4
17.11	100.36
17.12	100.09
17.13	100.42
17.43	96.24
17.44	93.83
17.45	95.05
17.46	97.95
17.47	98.61
17.48	100.39
17.49	100.23
17.5	101.02
17.51	97.94
17.52	96.32
17.53	95.23
17.55	181.96
17.56	182.89
17.57	181.93
17.58	187.01
17.59	190.01
17.6	192.81
17.61	194.73
17.62	197.57
17.63	204.11
17.64	214.18
17.65	223.54
17.66	231.25
17.67	233.64
17.68	231.5
17.69	216.15
17.7	221.65
17.71	230.15
17.72	230.64
17.73	230.92
17.8	116.77
17.81	116.36
17.82	114.71
17.83	111.65
17.84	110.02
17.85	109.11
17.86	109.81
17.87	110.01
17.88	107.15
17.89	105.95
17.9	107
18.15	96.83
18.16	100.97
18.17	100.48
18.18	101.06
18.19	101.1
18.2	98.49
18.21	97.26
18.22	97.32
18.23	98.93
18.24	97.74
18.25	191.47
18.26	189.69
18.27	187.2
18.28	192.71
18.29	197.98
18.3	198.13
18.31	195.27
18.32	195.54
18.33	196.5
18.34	196.72
18.35	193.96
18.42	206.76
18.43	204.72
18.44	208.31
18.45	206.72
18.55	113.52
18.56	117.11
18.57	116.97
18.58	118.11
18.59	117.73
18.6	118.14
18.61	117.54
18.62	116.78
18.63	115.66
18.64	114.4
18.65	113.42
18.66	111.2
18.67	223.05
18.68	222.23
18.69	216.83
18.7	211.6
18.71	221.32
18.72	239.52
18.73	232.44
18.74	228.92
18.75	232.56
18.76	226.91
19.57	99.36
19.58	98.39
19.59	100.19
19.6	100.42
19.61	99.83
19.62	98.64
19.63	97.82
19.64	97.19
19.65	95.92
19.66	95.2
19.67	95.07
19.68	94.56
19.69	94.9
19.7	96.32
19.71	97.75
19.72	97.57
19.73	98.54
19.74	99.73
19.75	99.72
19.76	100.38
19.77	102.32
19.78	104.19
19.79	102.05
19.8	102.44
19.81	97.34
19.82	97.76
19.87	107.28
19.88	180.04
19.89	189.92
19.9	203.24
19.91	199.11
19.92	219.49
19.93	212.95
19.94	208.33
19.95	203.42
19.96	200.32
19.97	197.48
19.98	197.25
19.99	206.13
20	203.39
20.01	206.28
20.02	198.93
20.03	193.35
20.04	200.04
20.05	199.44
20.06	198.38
20.07	198.56
20.08	198.85
20.11	101.52
20.12	100.1
20.13	99.83
20.14	100.71
20.15	100.26
20.16	102.02
20.17	103.24
20.18	101.2
20.19	102.19
20.2	100.98
20.21	101.81
20.22	102.15
20.23	100.5
20.24	101
20.25	100.52
20.26	99.89
20.27	100.49
20.28	101.15
20.29	101.71
21.09	215.56
21.1	214.78
21.11	214.88
21.12	213.1
21.13	209.48
21.14	206.55
21.15	204.13
21.16	201.42
21.17	198.45
21.18	199.96
21.19	199.93
21.2	197.3
21.21	196.17
21.22	197.27
21.23	198.51
21.24	194
21.25	192.02
21.26	188.96
21.27	188.37
21.28	185.97
21.29	185.7
21.3	184.52
21.31	184.47
21.32	185.92
21.33	184.09
21.35	101.53
21.36	102.24
21.37	97.96
21.38	97.48
21.39	100.32
21.4	102.12
21.47	128.34
21.48	126.1
21.49	125.16
21.5	126.51
21.52	277.03
21.53	272.09
21.54	284.71
21.55	286.43
21.56	292.58
21.57	295.06
21.58	297.57
21.59	297.19
21.6	298.49
21.61	296.98
21.62	297.1
21.63	297.06
21.64	293.25
21.65	291.94
22.06	109.01
22.07	108.92
22.08	108.08
22.09	108.8
22.1	109.14
22.11	109.38
22.12	108.74
22.13	107.47
22.14	106.83
22.15	106.28
22.16	106.15
22.17	105.83
22.18	105.71
22.19	105.46
22.2	105.24
22.21	104.88
22.22	104.17
22.23	103.37
22.24	102.99
22.25	103.01
22.26	102.6
22.27	102.07
22.28	102.44
22.29	102.65
22.3	102.68
22.31	102.75
22.32	102.51
22.33	103.16
22.34	104.05
22.35	104.93
22.36	104.58
22.37	102.81
22.38	99.26
22.4	101.02
22.41	103.95
22.42	104.16
22.43	99.86
22.44	100.21
22.45	106.93
22.46	105.66
22.47	99.49
22.48	98.81
22.59	106.74
22.6	106.18
22.61	105.14
22.62	105.84
22.63	206.42
22.64	208.74
22.65	210.01
22.66	209.2
22.67	208.96
22.68	209.11
22.69	207.02
22.7	206.71
22.71	206.98
22.72	205.94
22.73	205.08
22.74	205.14
22.75	205.2
22.76	204.55
22.77	204.97
22.78	203.89
22.79	205.99
22.8	206.16
22.81	205.02
22.82	207.53
22.83	207.72
22.84	208.81
22.85	209.55
22.86	215.23
22.87	211.64
22.88	206.73
22.89	204.8
22.9	201.94
22.91	202.41
22.92	205.24
22.93	205.93
22.94	207.59
22.95	206.75
22.96	204.4
22.97	204.9
22.98	204.86
22.99	205.02
23	204.39
23.01	203.83
23.02	203.47
23.03	202.82
23.04	205.07
23.11	98.98
23.12	99.46
23.13	99.31
23.14	97.75
23.15	98.41
23.16	100.15
23.17	100.38
23.18	100.19
23.19	100.53
23.2	100.77
23.21	101.51
23.24	261.55
23.25	271.96
23.26	286.87
23.27	274.25
23.28	265.41
23.3	103.45
23.31	99.77
23.32	98.11
23.56	101.76
23.57	103.44
23.58	105.18
23.59	102.36
23.6	101.74
23.61	104.21
23.62	108.01
23.71	97.87
23.72	100.12
23.73	100.15
23.74	98.91
23.75	96.97
23.76	98.33
23.77	194.54
23.78	192.13
23.79	196.7
23.83	97.56
23.84	97.46
23.85	97.02
23.86	98.32
24.46	197.3
24.47	198.77
24.48	197.43
24.49	194.56
24.5	192.14
24.51	188.97
24.52	185.98
24.53	184.35
24.54	184.27
24.55	185.71
24.56	185.98
24.57	182.67
24.58	181.22
24.59	180.36
24.6	181.92
24.61	182.29
24.62	185
24.64	297.14
24.65	302.94
24.66	300.4
24.67	300.65
24.68	295.91
24.69	287.16
24.7	269.83
24.71	295.51
24.83	303.47
24.84	298.49
24.85	295.89
24.86	295.16
24.87	298.93
24.88	274.04
24.89	248.68
24.9	267.11
24.91	282.02
24.92	287
24.93	275.5
24.94	289.39
24.95	276.36
24.96	266.43
25.92	203.91
25.93	203
25.94	199.59
25.95	196.49
25.96	194.77
25.97	194.38
25.98	191.42
25.99	190.02
26	187.74
26.01	187.33
26.02	188.09
26.03	187.19
26.04	185.76
26.05	185.1
26.06	184.95
26.07	185.61
26.08	186.95
26.09	188.51
26.1	190.59
26.11	193.42
26.12	197.27
26.13	200.12
26.14	208.89
26.15	204.58
26.16	205.83
26.17	202.79
26.18	197.71
26.19	198.22
26.2	204.74
26.21	202.64
26.22	193.91
26.23	196.21
26.24	214.01
26.25	203.74
26.26	203.24
26.27	208.75
26.35	99.13
26.36	99.04
26.37	97.84
26.38	96.87
26.39	97.23
26.4	96.49
26.41	96.57
26.42	96.8
26.43	96.58
26.44	95.96
26.45	95.62
26.46	95.72
26.47	95.03
26.48	93.51
26.49	92.51
26.5	93.05
26.51	94.04
26.52	93.83
26.53	97.35
26.54	97.72
26.55	98.58
26.56	96.89
27.09	278.35
27.1	285.92
27.11	302.02
27.38	103.13
27.39	103.35
27.4	100.65
27.41	101.36
27.42	100.8
27.43	102.4
27.44	101.59
27.69	244.52
27.7	247.82
27.71	247.43
27.72	239.87
27.73	225.52
27.74	240.31
27.75	237.79
27.76	244.18
27.77	242.72
27.78	239.51
27.79	239.58
27.86	97.9
27.87	96.6
27.88	97.33
27.89	99.18
27.9	98.81
27.91	98.25
27.92	96.6
27.93	98.17
27.94	95.86
27.95	93.95
27.96	94.1
27.97	96.6
27.98	96.23
27.99	97.05
28	95.18
28.01	93.87
28.02	91.21
28.03	177.66
28.04	174.73
28.05	172.83
28.06	172.39
28.07	191.77
28.08	201.06
28.09	175.38
28.1	181.4
28.11	183.71
28.12	174.74
28.19	244.54
28.2	246.3
28.21	251.51
28.22	254
28.23	253.15
28.24	254.86
28.45	216.9
28.46	217.54
28.49	277.7
28.5	297.76
28.51	290.94
28.52	261.32
28.53	263.74
28.54	276.9
28.55	283.25
28.56	254.15
28.57	231.48
28.58	212.24
28.59	214.61
28.6	234.03
28.61	234.8
