time	f0
0.039	67.31
0.049	67.24
0.059	65.82
0.069	65.82
0.079	70.36
0.089	70.43
0.099	67.09
0.109	65.47
0.119	63.54
0.129	63.42
0.139	63.48
0.149	66.09
0.159	70.4
0.169	70.12
0.179	61.66
0.189	60.64
0.199	62.24
0.209	64.03
0.219	63.99
0.229	62.28
0.239	62.27
0.249	67.15
0.259	70.93
0.269	70.71
0.279	69.09
0.289	69.1
0.729	56.23
0.739	51.93
0.749	52.05
0.759	54.39
0.769	54.42
0.889	58.36
0.899	57.9
0.909	58.02
0.919	58.17
0.929	58.05
0.939	57.71
0.949	57.28
0.959	57.03
0.969	56.98
0.979	57.02
0.989	57.07
0.999	57.01
1.009	56.87
1.019	56.51
1.029	55.83
1.039	55.35
1.049	55.99
1.059	56.79
1.069	57.32
1.079	57.41
1.089	56.98
1.099	56.88
1.109	56.87
1.229	141.36
1.239	138.26
1.249	135.88
1.259	133.75
1.269	133.15
1.279	134.68
1.289	140.01
1.299	152.27
1.309	157.48
1.319	159.26
1.329	160.37
1.339	165.02
1.349	184.86
1.359	190.09
1.369	191.89
1.379	194.85
1.389	203.06
1.399	203.48
1.589	132.81
1.599	132.87
1.609	133.06
1.619	126.24
1.719	133.9
1.729	133.74
1.739	133.75
1.749	133.59
1.779	57.42
1.789	58.29
1.799	57.9
1.809	57.91
1.819	59.23
1.829	59.95
1.839	59.63
1.849	58.94
1.859	58.67
1.869	60.01
1.879	63.17
1.899	121.97
1.909	119.69
1.919	119.33
1.929	119.89
1.939	120.86
1.949	121.18
1.959	120.36
1.969	118.06
1.979	117.18
1.989	117.36
1.999	118.09
2.009	119.17
2.019	120.04
2.029	120.55
2.039	123.56
2.049	125.23
2.059	125.72
2.069	126.13
2.079	126.34
2.089	126.45
2.099	126.63
2.109	126.67
2.119	126.85
2.129	127.47
2.139	127.6
2.149	127.32
2.159	127.89
2.169	129.49
2.229	146.19
2.239	137.09
2.249	133.62
2.259	133.63
2.269	135.43
2.279	137.05
2.289	137.42
2.299	137.53
2.309	137.86
2.319	137.63
2.389	55.44
2.399	54.78
2.409	54.56
2.419	55.39
2.589	58.69
2.599	58.19
2.609	56.51
2.619	56.49
2.669	59.79
2.679	59.31
2.689	58.41
2.879	63.2
2.889	61.88
2.899	61.86
2.909	61.9
2.919	62.02
2.929	68.04
2.939	72.08
2.949	66.85
2.959	62.57
2.969	63.08
2.979	62.79
2.989	61.84
2.999	61.13
3.009	60.35
3.019	59.78
3.029	59.32
3.039	58.62
3.049	57.65
3.059	56.97
3.069	57.01
3.079	58.41
3.089	58.42
3.099	57.78
3.109	57.73
3.119	58.42
3.129	58.49
3.139	58.35
3.149	58.42
3.159	58.77
3.169	59.03
3.179	59
3.189	117.78
3.199	117.67
3.209	117.51
3.219	117.39
3.229	117.33
3.239	117.23
3.249	116.99
3.259	116.54
3.269	116.1
3.279	116.17
3.289	116.59
3.299	116.59
3.309	116.57
3.319	116.97
3.329	117.28
3.339	117.76
3.349	121.74
3.359	120.3
3.369	118.86
3.379	118.2
3.389	117.99
3.399	118.43
3.409	119.42
3.419	120.63
3.429	122.35
3.439	124.46
3.449	125.62
3.459	125.59
3.469	125.54
3.479	125.89
3.489	126.69
3.499	127.66
3.509	127.24
3.519	126.17
3.529	126.32
3.539	127.03
3.549	126.86
3.559	126.11
3.569	125.24
3.579	124.37
3.589	124.57
3.599	125.66
3.609	127.39
3.619	125.54
3.629	122.86
3.639	122.84
3.649	123
3.659	122.11
3.669	120.8
3.679	118.96
3.689	116.81
3.699	115.31
3.709	114.58
3.719	114.47
3.729	116.62
3.739	117.17
3.749	117.84
3.759	116.2
3.769	119.28
3.779	120.1
3.789	118.4
3.799	116.81
3.809	115.65
3.819	114.94
3.829	114.75
3.839	114.7
3.849	115.45
3.859	119.37
3.869	119.53
3.879	118.69
3.889	118.5
3.899	118.56
3.909	118.73
3.919	118.96
3.929	119.52
3.939	120.6
3.949	122.08
3.959	122.31
3.969	122.6
3.979	123.03
3.989	123.55
3.999	124.26
4.009	125.26
4.019	126.9
4.409	59.95
4.419	59.99
4.429	59.75
4.439	59.71
4.479	59.79
4.489	59.89
4.499	57.26
4.509	54.79
4.519	53.81
4.529	53.9
4.539	53.92
4.549	53.93
4.559	54.31
4.569	54.86
4.579	56.41
4.589	56.5
4.599	56.55
4.609	55
4.619	54.37
4.629	54.54
4.639	57
4.649	56.95
4.659	56.28
4.669	56.3
4.679	56.32
4.689	55.21
4.699	55.2
4.709	56.2
4.719	57.24
4.769	59.67
4.779	59.85
4.789	59.58
4.799	59.65
4.809	61.02
4.849	61.1
4.859	61.72
4.869	61.66
4.879	58.55
4.889	57.66
4.899	55.94
4.909	52.29
4.919	48.29
4.929	50.7
4.939	57.52
4.949	59.75
4.959	59.74
4.969	59.86
4.979	55.98
4.989	53.62
4.999	54.09
5.009	54.25
5.019	56
5.029	58.21
5.039	58.65
5.049	59.26
5.059	59.47
5.139	61.88
5.149	61.82
5.159	60.87
5.169	60.72
5.179	61.14
5.189	61.21
5.319	61.44
5.329	58.61
5.339	58.17
5.349	58.53
5.499	146.66
5.509	141.34
5.519	137.72
5.529	134.15
5.539	132.92
5.679	131.56
5.689	130.58
5.699	124.93
5.709	123.48
5.719	120.88
5.729	119.17
5.739	117.75
5.749	118.4
5.759	118.3
5.839	155.01
5.849	155.06
5.859	155.15
5.869	145.48
5.879	132.07
5.889	126.82
5.899	121.53
5.909	117.77
5.919	117.9
6.109	189.92
6.119	188.67
6.489	56.78
6.499	56.84
6.509	57.2
6.599	61.03
6.609	60.81
6.619	60.78
6.629	60.74
6.639	70.25
6.669	58.86
6.679	58.86
6.689	58.26
6.699	58.27
7.339	53.24
7.349	54.5
7.359	54.74
7.369	55.35
7.559	58.4
7.569	58.38
7.579	58.42
7.589	58.33
7.599	56.94
7.609	56.62
7.619	56.54
7.629	56.39
7.639	59.53
7.649	120
7.659	118.13
7.669	115.5
7.679	113.43
7.689	112.2
7.699	111.13
7.709	110.04
7.719	110.12
7.729	109.8
7.739	109.17
7.749	108.93
7.759	52.94
7.769	52.84
7.779	50.86
7.789	49.98
7.799	54.88
7.809	53.35
7.819	52.41
7.829	51.96
7.839	52.66
7.849	53.1
7.859	53.5
7.869	53.91
7.909	50.97
7.919	51.18
7.929	51.37
7.939	51.27
7.949	50.55
7.959	49.75
7.969	48.69
7.979	48.76
7.989	48.82
7.999	49.1
8.009	50.29
8.019	50.37
8.029	50.63
8.039	50.76
8.049	51.07
8.059	55.35
8.069	55.54
8.079	55.58
8.289	59.36
8.299	58.61
8.309	58.4
8.319	57.63
8.329	52.61
8.339	49.24
8.349	49.16
8.359	49.15
8.369	50.03
8.379	52.48
8.389	53.85
8.399	54.65
8.539	62.54
8.549	61.45
8.559	60.85
8.569	60.89
8.579	60.91
8.639	59.82
8.649	59.9
8.659	58.54
8.669	57.89
8.679	56.77
8.689	56.78
8.699	58.55
8.709	59.28
8.719	59.32
8.729	57.59
8.739	57.92
8.749	59.72
8.889	59.24
8.899	58.56
8.909	57.23
8.919	56.17
8.929	56.21
8.939	54.56
8.949	53.61
8.959	53.68
8.969	53.79
8.979	53.44
8.989	56.59
8.999	58.49
9.009	59.14
9.019	59.15
9.549	60.23
9.559	59.58
9.569	57.88
9.709	59.53
9.719	58
9.729	57.68
9.739	57.61
9.749	56.26
9.759	53.21
9.859	59.52
9.869	59.3
9.879	57.67
9.889	55.43
9.899	56.82
9.909	57.89
9.919	57.87
9.929	53.29
9.939	52.82
9.949	54.51
9.959	56.89
9.969	56.92
9.979	56.85
9.989	56.81
10.029	60.92
10.039	60.57
10.049	57.6
10.059	57.56
10.069	57.47
10.079	49.69
10.089	49.68
10.099	52.07
10.109	54.79
10.119	54.74
10.129	51.23
10.139	51.24
10.149	51.31
10.159	51.28
10.169	52.1
10.179	59.07
10.189	59.21
10.199	59.73
10.209	59.6
10.219	57.65
10.229	57.56
10.239	58.58
10.249	61.9
10.259	62.05
10.269	61.9
10.279	61.72
10.289	61.57
10.299	60.98
10.309	52.26
10.339	55.58
10.349	55.58
10.359	57.08
10.369	59.1
10.379	59.99
10.389	59.39
10.399	57.93
10.679	66.16
10.689	66.18
10.699	66.03
10.709	61.27
10.719	59.86
10.729	54.87
10.739	55.13
10.789	57.07
10.799	57.04
10.809	57.86
10.819	58.53
10.999	113.22
11.009	113.4
11.019	114.5
11.029	122.31
11.039	122.31
11.049	121.41
11.059	118.32
11.069	115.6
11.079	114.14
11.089	113.55
11.099	113.44
11.209	128.52
11.219	126.85
11.229	126.74
11.239	126.01
11.249	123.84
11.259	115.32
11.269	114.42
11.279	114.95
11.289	117.57
11.299	120.65
11.309	113.38
11.319	112.53
11.329	113.75
11.339	116.62
11.349	118
11.359	117.64
11.369	117.2
11.379	117.18
11.389	117.19
11.399	117.02
11.409	116.75
11.419	116.41
11.429	115.96
11.439	115.48
11.449	115.23
11.459	115.48
11.469	115.97
11.479	116.25
11.489	116.29
11.499	116.54
11.509	116.82
11.519	116.92
11.549	129.18
11.559	129.11
11.569	128.95
11.579	127.71
11.589	124.54
11.599	121.54
11.609	120.81
11.619	122.45
11.629	122.71
11.639	122.97
11.649	127.16
11.659	128.1
11.669	128.05
11.759	127.81
11.769	126.83
11.779	125.94
11.789	124.95
11.799	124.38
11.809	120.12
11.819	119.24
11.829	123.62
11.839	124.04
11.849	123.49
11.859	122.76
11.869	121.18
11.879	118.82
11.889	117.16
11.899	116.13
11.909	115.87
11.919	115.35
11.929	115.15
11.939	115.01
11.949	114.42
11.959	111.12
11.969	108.27
11.979	108.38
11.989	109.19
11.999	109.31
12.009	108.91
12.019	108.7
12.029	109.52
12.039	110.2
12.049	110.34
12.059	117.23
12.069	116.12
12.079	115.52
12.089	112.75
12.099	112.21
12.109	111.85
12.119	111.73
12.129	111.91
12.139	112.37
12.149	113.27
12.159	114.69
12.169	114.94
12.179	115.18
12.189	116.81
12.199	117.78
12.209	117.81
12.219	117.69
12.229	117.4
12.239	116.81
12.249	116.38
12.259	116.31
12.269	116.33
12.279	116.27
12.289	116.28
12.299	116.33
12.309	116.22
12.319	116.31
12.329	116.91
12.339	118.17
12.349	118.35
12.359	121.03
12.369	121.79
12.379	120.61
12.419	113.85
12.429	112.66
12.439	111.43
12.449	112.22
12.459	112.37
12.469	111.35
12.479	110.26
12.489	109.68
12.499	109.92
12.509	109.53
12.519	108.86
12.529	107.98
12.539	107.55
12.549	109.05
12.559	110.11
12.569	109.82
12.579	108.3
12.589	106.47
12.599	106.03
12.609	105.8
12.619	105.7
12.629	106.21
12.639	106.55
12.649	107.09
12.659	108.5
12.669	108.91
12.679	108.46
12.689	108.46
12.699	109.08
12.709	109.64
12.719	108.85
12.729	107.93
12.739	108.35
12.749	108.81
12.759	108.9
12.769	108.83
12.779	109.51
12.789	111.16
12.799	112.22
12.809	113.14
12.819	113.98
12.829	114.41
12.839	114.65
12.849	114.98
12.859	115.3
12.869	115.44
12.879	115.45
12.889	115.48
12.899	115.69
12.909	116.05
12.919	116.11
12.929	115.91
12.939	115.86
12.949	115.55
12.959	115.03
12.969	114.5
12.979	113.89
12.989	114.55
12.999	118.36
13.009	118.59
13.019	117.92
13.029	116.88
13.039	116.41
13.049	117.15
13.059	118.04
13.069	118.34
13.079	118.35
13.089	59.31
13.099	59.01
13.109	58.26
13.119	58.47
13.129	59.59
13.139	60.44
13.149	46.8
13.159	47.42
13.169	58.51
13.179	59.01
13.189	59.28
13.199	59.14
13.209	58.77
13.219	58.7
13.229	58.82
13.239	59.4
13.279	58.99
13.289	58.36
13.299	58.3
13.309	58.24
13.319	58.17
13.329	58.72
13.339	58.59
13.349	58.59
13.359	57.83
13.369	56.23
13.379	56.27
13.389	56.35
13.399	57.32
13.409	59.29
13.419	59.37
13.429	54.34
13.439	49.6
13.449	54.67
13.459	59.2
