time	f0
0.021	101.17
0.031	100.6
0.041	100.48
0.051	96.47
0.061	96.02
0.071	90.06
0.081	89.77
0.211	99.29
0.221	100.24
0.231	101.24
0.261	103.16
0.271	100.08
0.281	101.98
0.291	100.04
0.301	99.06
0.311	98.52
0.321	99.85
0.331	98.89
0.341	97.19
0.351	94.05
0.361	92.61
0.371	93.76
0.381	97.01
0.391	98.87
0.401	95.87
0.411	101.56
0.421	97.56
0.431	105.9
0.441	104.28
0.451	95.5
0.851	81.29
0.881	111.9
0.891	118.98
0.921	82.72
0.931	103.03
0.941	113.79
0.951	111.22
0.961	113.08
0.971	114.45
0.981	116.63
0.991	114.5
1.001	115.81
1.011	121.89
1.021	125.23
1.031	125.03
1.041	125.71
1.051	127.77
1.061	124.54
1.071	126.27
1.081	132.14
1.091	130.69
1.101	131.21
1.111	131.9
1.121	130.94
1.131	131.1
1.181	85.02
1.191	93.03
1.201	99.73
1.221	83.33
1.231	96.15
1.241	96.84
1.251	90.51
1.261	85.8
1.271	89.69
1.281	88.96
1.291	88.83
1.301	88.51
1.311	89.07
1.321	94.5
1.331	96.71
1.341	96.96
1.351	91.48
1.361	90.4
1.371	100.24
1.561	107.94
1.571	118.11
1.581	118.51
1.591	125.88
1.601	115.93
1.611	121.94
1.621	116.42
1.631	116.56
1.641	116.91
1.771	107.45
1.781	116.47
1.791	116.66
1.801	112.92
1.811	113.42
1.821	110.4
1.831	114.67
1.841	111.83
1.851	111.09
1.861	111.41
1.871	115.8
1.881	118.51
1.891	111.67
1.901	111.43
1.911	110.14
1.921	109.36
1.931	108
1.941	106.79
1.951	105.66
1.961	106.91
1.971	109.63
1.981	109.67
1.991	108.7
2.001	109.29
2.601	131.77
2.611	124.95
2.621	125.94
2.631	126.49
2.641	122.6
2.651	120.68
2.661	119.93
2.671	114.56
2.681	113.5
2.691	116.8
2.701	116.59
2.711	115.28
2.721	120.09
2.731	118.73
2.741	116.91
2.751	111.91
2.761	112.39
2.771	112.96
2.781	113.24
2.901	132.66
2.911	142.33
2.921	148.68
2.931	149.07
2.941	150.15
2.951	152.8
2.961	152.85
2.971	160.6
2.981	168.43
2.991	167.69
3.001	168.44
3.011	167.7
3.021	162.48
3.031	153.42
3.041	153.83
3.051	168.64
3.081	162.94
3.091	158.64
3.111	128.2
3.121	123.37
3.131	127.38
3.141	123.13
3.151	125.29
3.161	117.53
3.171	118.42
3.181	115.64
3.191	116.34
3.201	117.14
3.211	120.09
3.321	128.34
3.331	128.99
3.341	130.22
3.351	129.82
3.361	127.22
3.371	125.81
3.381	124.23
3.391	123.02
3.401	123.24
3.411	121.73
3.421	122.76
3.431	122.64
3.441	121.22
3.451	118.45
3.461	117.03
3.471	117.52
3.481	114.44
3.491	112.12
3.501	112.14
3.511	110.75
3.521	110.86
3.531	109.26
3.541	107.99
3.551	106.56
3.561	113.11
3.571	104.42
3.581	101.62
3.591	109.56
3.601	107.39
3.611	110.19
3.621	122.01
3.631	113.9
3.991	125.73
4.001	122.66
4.011	121.48
4.021	130.14
4.031	131.47
4.041	122.95
4.051	118.83
4.071	113.66
4.081	114.65
4.091	116.47
4.101	125.23
4.111	118.19
4.121	135.73
4.131	139.92
4.141	138.89
4.151	139.18
4.161	143.35
4.171	144.64
4.181	151.8
4.191	155.45
4.201	157.16
4.211	158.59
4.221	150.72
4.231	149.18
4.241	149.31
4.251	145.82
4.261	146.59
4.271	146.03
4.281	139.64
4.291	136.45
4.301	140.34
4.311	146.31
4.321	146.54
4.331	145.43
4.391	130.77
4.401	119.28
4.411	120.26
4.421	120.86
4.431	125.42
4.441	122.8
4.451	124.98
4.461	128.37
4.471	130.14
4.481	128.59
4.491	126.97
4.501	128.65
4.511	129.71
4.521	129.62
4.531	127.95
4.541	125.68
4.551	123.04
4.561	122.7
4.571	125.08
4.581	124.18
4.591	122.74
4.601	126.51
4.611	124.35
4.621	128.16
4.651	106.88
4.661	106.91
4.671	106.46
4.681	105.69
4.691	105.31
4.701	109.68
4.711	108.7
4.721	104.33
4.731	111.22
4.741	106.84
4.751	106.28
4.761	110.79
4.771	107.35
4.781	96.32
4.791	107.54
4.801	109.61
4.811	109.47
4.821	108.37
4.831	107.84
4.841	108.17
4.851	108.44
4.861	110.42
4.871	110.12
4.881	110.06
4.891	109.86
4.901	105.74
4.911	99.37
4.921	91.05
4.931	112.19
4.941	112.24
4.951	111.68
4.961	124.99
5.211	168.8
5.221	156.16
5.231	155.11
5.241	156.71
5.251	157.13
5.261	155.51
5.271	156.67
5.281	152.05
5.291	151.49
5.321	141.88
5.331	140.85
5.341	138.26
5.351	130.56
5.361	122.4
6.131	110.11
6.141	110.26
6.151	112.77
6.161	113.22
6.171	112.57
6.181	112.98
6.191	115.81
6.201	118.97
6.211	118
6.221	115.56
6.231	113.79
6.241	112.48
6.251	111.72
6.261	110.07
6.271	109.42
6.281	107.62
6.291	110.19
6.301	108.41
6.311	102.57
6.321	102.51
6.331	103.18
6.341	103.33
6.351	109.73
6.361	108.3
6.371	105.95
6.381	110.55
6.391	108.67
6.401	103.61
6.411	102
6.421	103.28
6.601	109.11
6.611	108.78
6.621	109.3
6.631	108.52
6.641	110.12
6.651	108.94
6.661	109.56
6.671	109.11
6.681	108.92
6.691	107.95
6.701	107.45
6.711	109.66
6.721	107.43
6.731	107.42
6.741	113.21
6.751	132.35
6.761	128.24
6.771	124.25
6.781	127.56
6.791	128.68
6.801	129.37
6.811	132.68
6.821	133.84
6.831	134.49
6.841	132.38
6.851	132.43
6.861	131.32
6.871	131.81
6.881	136.19
6.891	158.94
6.901	141.38
6.911	139.74
6.921	138.71
6.931	134.33
6.941	133.56
6.951	133.67
6.961	134.87
6.971	134.68
6.981	134.77
6.991	134.75
7.191	106.43
7.201	107.27
7.211	107.23
7.221	107.48
7.231	111.22
7.241	113.71
7.251	114.78
7.261	118.75
7.271	120.67
7.281	124.46
7.291	128.11
7.301	127.71
7.311	127.02
7.321	128.58
7.331	124.94
7.341	124.43
7.351	123.85
7.361	123.23
7.371	124.85
7.381	123.57
7.391	123.75
7.401	123.58
7.411	122.82
7.421	120.85
7.431	119.47
7.441	116.38
7.451	118.24
7.461	117.3
7.471	122.73
7.481	117.05
7.491	127.53
7.501	124.96
7.511	125.56
7.521	126.76
7.531	126.05
7.541	121.93
7.551	120.7
7.561	128.37
7.571	119.63
7.581	119.95
7.701	134.03
7.711	124.88
7.721	116.55
7.731	104.32
7.741	110.2
7.751	119.04
7.761	118.15
7.771	102.99
8.061	166.8
8.071	150.83
8.081	134.57
8.091	135.64
8.101	135.55
8.111	171.72
8.121	203.05
8.131	204.06
8.141	200.32
8.151	197.74
8.161	198.93
8.171	203.75
8.181	203.32
8.191	202.31
8.201	205.62
8.341	201.96
8.351	202.28
8.361	201.5
8.371	201.1
8.381	202.59
8.391	199.49
8.401	198.54
8.411	199.67
8.421	198.81
8.431	173.01
8.441	173.04
8.451	176.23
8.461	159.97
8.471	159.91
8.601	165.36
8.611	203.01
8.621	212.69
8.631	212.2
8.641	212.11
8.651	208.87
8.661	202.75
8.671	199.42
8.681	197.59
8.691	203.34
8.701	210.3
8.711	210.95
8.721	214.78
8.731	206.76
8.741	205.1
8.751	208.34
8.761	202.19
8.771	199.5
8.781	186.4
8.791	206.72
8.801	207.18
8.811	202.23
9.501	86.23
9.511	84.72
9.521	84.28
10.091	146.68
10.101	143.81
10.111	144.75
10.121	144.86
10.131	144.31
10.141	143.17
10.151	141.53
10.161	138.67
10.171	136.94
10.181	136.42
10.191	135.22
10.201	132.77
10.211	130.4
10.221	127.69
10.231	126.67
10.241	126.74
10.251	126.06
10.261	124.88
10.271	123.07
10.281	121.16
10.291	122.43
10.301	126.15
10.311	123.55
10.321	124.52
10.331	134.78
10.341	140.1
10.351	139.61
10.361	138.98
10.371	140.27
10.381	142.25
10.391	142.4
10.401	142.03
10.411	143.18
10.421	143.47
10.431	142.18
10.441	140.53
10.451	137.91
10.461	137.53
10.471	135.73
10.481	135.59
10.491	146.99
10.501	147.33
10.511	149.51
10.921	106.69
10.931	109.22
10.941	112.18
10.951	106.42
10.961	106.78
10.971	107.33
10.981	107.44
10.991	108.87
11.001	110.9
11.011	137.6
11.021	128.33
11.031	128.8
11.041	128.23
11.051	128.37
11.061	129.32
11.071	128.34
11.081	127.67
11.091	128.27
11.101	127.74
11.111	126.72
11.121	125.71
11.131	124.14
11.141	122.78
11.151	121.45
11.161	116.95
11.171	115.9
11.181	113.51
11.191	116.25
11.201	113.39
11.211	107.47
11.221	107.65
11.231	107.39
11.241	108.39
11.251	107.58
11.261	108.79
11.271	108.41
11.281	111.71
11.291	110.22
11.301	110.09
11.311	107.12
11.321	108.02
11.331	115.11
11.341	114.34
11.351	112.92
11.361	118.68
11.371	110.68
11.381	118.49
12.461	137.74
12.471	129.01
12.481	128.16
12.491	126.26
12.501	126.32
12.511	127.93
12.521	127.75
12.531	125.77
12.541	123.38
12.551	122.61
12.561	121.56
12.571	121.43
12.581	125.6
12.591	121.83
12.601	121.88
12.721	103.26
12.731	105.32
12.741	108.61
12.751	111.23
12.761	110.37
12.771	115.05
12.781	118.35
12.791	119.26
12.801	120.15
12.811	121.75
12.821	124.48
12.831	124.42
12.841	126.43
12.851	128.22
12.861	131.89
12.871	133.94
12.881	138.18
12.891	138.41
12.901	138.17
12.911	138.38
12.921	147.02
12.931	147.91
12.941	147.54
12.951	145.57
12.961	142.76
12.971	140.87
12.981	139.85
12.991	140.02
13.191	130.7
13.201	131.93
13.211	126.55
13.221	127.6
13.231	127.33
13.241	126.14
13.251	122.22
13.261	119.97
13.271	121.11
13.281	121.13
13.291	130.63
13.301	126.45
13.311	125.73
13.451	117.44
13.461	123.94
13.471	120.33
13.481	120.9
13.491	121.47
13.501	121.12
13.511	120.11
13.521	120.62
13.531	120.74
13.541	120.81
13.551	122.43
13.561	122.54
13.571	122.62
13.581	123.2
13.591	123.49
13.601	122.64
13.611	121.86
13.621	121.65
13.631	121.16
13.641	120.59
13.651	120.62
13.661	121.13
13.671	120.49
13.681	119.8
13.691	119.47
13.701	117.81
13.711	116.46
13.721	110.91
13.731	112.8
13.741	122.18
13.751	122.4
13.761	114.25
13.771	112.85
14.751	118.18
14.761	113.43
14.771	118.81
14.781	116.36
14.791	117.22
14.801	119.1
14.811	121.57
14.821	121.32
14.831	123.48
14.841	122.76
14.851	121.4
14.861	117.25
14.871	114.41
14.881	114.3
14.891	113.49
14.901	113.54
14.911	115.13
14.921	119.84
14.931	119.16
14.941	123.17
14.951	126.95
14.961	127.6
14.971	129.45
14.981	131.32
14.991	130.6
15.001	138.28
15.011	136.33
15.021	137.02
15.031	138.01
15.041	138.46
15.051	139.21
15.061	140.14
15.071	141.97
15.081	143.08
15.091	144.56
15.101	143.39
15.111	142
15.121	140.45
15.131	129.9
15.141	130.18
15.151	127.75
15.161	128.19
15.171	128.34
15.181	119.36
15.191	121.81
15.201	120.28
15.211	116.24
15.221	115.84
15.291	112.48
15.301	110.43
15.311	107.86
15.321	106.58
15.331	108.87
15.341	111.26
15.351	109.74
15.361	109.34
15.371	108.89
15.381	108.59
15.391	109.02
15.401	108.58
15.411	108.61
15.421	108.65
15.431	108.67
15.441	108.53
15.451	106.98
15.461	106.04
15.471	109.84
15.481	109.19
15.491	109.7
15.501	110.33
15.511	109.88
15.521	108.91
15.531	109.37
15.541	106.89
15.551	107.93
15.561	109.42
15.571	110.19
15.581	111.81
15.591	113.86
15.601	115.48
15.611	114.48
15.621	116.98
15.631	114.64
15.641	113.1
15.651	108.43
15.661	109.97
15.671	109.11
15.681	110.97
15.691	113.07
15.701	112.8
15.711	114.09
15.721	115.61
15.731	115.81
15.741	116.07
15.751	115.96
15.761	113.44
15.771	113
15.781	115.5
15.791	116.99
15.801	116.34
15.811	116.26
15.901	114.73
15.911	121.31
15.921	120.29
15.931	119.78
15.941	125.31
15.951	126.33
15.961	130.45
15.971	130.15
15.981	128.66
15.991	128.81
16.001	127.58
16.011	123.95
16.021	123.96
16.031	122.69
16.041	122.75
16.051	122.03
16.061	121.62
16.071	119.37
16.081	103.56
16.091	109.26
16.101	116.2
16.111	119.81
16.121	129.81
16.131	121.05
16.141	122.54
16.151	115.2
16.161	115.63
16.631	108.34
16.641	106.93
16.651	115.17
16.661	114.84
16.671	115.14
16.681	114.26
16.691	113.83
16.701	108.19
16.711	110.72
16.721	111.87
16.731	109.62
16.741	111.25
16.751	111.82
16.761	112.63
16.771	117.95
16.781	120.3
16.791	120.79
16.801	126.43
16.811	125.2
16.821	122.92
16.831	117.07
16.841	123.07
16.851	123.08
16.861	120.29
16.871	120.17
16.881	120.51
16.891	140.49
16.901	119.99
16.911	114.06
16.921	111.26
16.931	110.41
16.941	110.25
16.951	108.37
16.961	106.39
16.971	104.58
16.981	105.18
16.991	102.37
17.001	105.44
17.011	120.27
17.021	112.53
17.071	109
17.081	106.23
17.091	104.7
17.101	107.85
17.111	105.32
17.121	103.99
17.161	113.53
17.171	113.53
17.181	115.02
17.191	117.36
17.201	118.15
17.211	119.1
17.221	118.72
17.231	117.88
17.241	118.15
17.251	119.4
17.261	119.78
17.271	121.41
17.281	121.51
17.291	119.71
17.301	119.55
17.311	117.23
17.321	117.42
17.331	123.88
17.361	125.76
17.371	121.03
17.381	118.57
17.391	115.87
17.401	112.89
17.411	110.34
17.421	111.02
17.431	110.9
17.441	107.07
17.451	106.43
17.461	111.32
17.471	107.59
17.481	107.43
17.491	107.62
17.501	108.5
17.511	107.79
17.521	109.24
17.531	109.03
17.651	91.09
17.661	118.12
17.671	108.3
17.681	109.63
17.691	109.79
17.701	109.05
17.711	108.64
17.721	108.9
17.731	110.23
17.741	109.76
17.751	109.51
17.761	110.56
17.771	110.93
17.781	114.75
17.791	115.68
17.801	116.36
17.811	115.66
17.821	116.38
17.831	117.57
17.841	120.13
17.851	119.6
17.861	118.74
17.871	118.45
17.881	117.99
17.891	118.46
17.901	118.02
17.911	120.08
17.921	121.78
17.931	122.49
17.941	119.84
17.951	119.71
17.971	121.69
17.981	121.62
17.991	122.78
18.001	121.28
18.011	120.36
18.961	122.82
18.971	106.64
18.981	100.16
18.991	81.85
19.001	90.9
19.021	121.48
19.031	113.24
19.041	109.66
19.051	116.89
19.061	117.3
19.131	127.98
19.141	127.29
19.151	117.18
19.161	124.05
19.171	117.3
19.181	122.23
19.191	121.41
19.201	120.37
19.211	120.22
19.221	122.63
19.231	123.07
19.241	127.58
19.251	129.04
19.261	132.62
19.271	133.76
19.281	133.5
19.291	133.69
19.301	131.78
19.311	131.27
19.321	130.68
19.331	131.63
19.341	132.01
19.351	137.64
19.371	104.58
19.381	108.02
19.391	98.85
