time	f0
0.014	205.74
0.024	204.41
0.034	204.92
0.044	204.9
0.054	205.05
0.064	204.87
0.074	204.95
0.084	205.18
0.094	204.92
0.104	204.71
0.114	204.69
0.124	203.65
0.134	203.78
0.144	204.12
0.154	203.31
0.164	206.09
0.174	208.51
0.184	205.24
0.194	203.97
0.204	200.93
0.214	205.5
0.224	204.45
0.234	200.72
0.274	216.31
0.284	224.29
0.294	222.89
0.304	219.83
0.314	219.31
0.324	217.18
0.334	216.27
0.344	215.5
0.354	211.96
0.364	211.77
0.374	210.86
0.384	209.57
0.394	206.93
0.404	204.4
0.414	208.6
0.424	207
0.434	208.91
0.444	209.49
0.454	211.64
0.464	215.34
0.474	210.18
0.484	208.26
0.494	207.94
0.504	203.01
0.584	220.33
0.594	222.46
0.604	221.78
0.614	222.31
0.624	224.16
0.634	225.96
0.644	229.16
0.654	229.53
0.664	231.23
0.674	234.42
0.684	239.51
0.694	241.41
0.704	247.07
0.714	244.92
0.724	243.45
0.734	243.88
0.744	241.34
0.754	242.25
0.764	240.12
0.774	244.89
0.784	241.09
0.894	228.65
0.904	224.07
0.914	221.26
0.924	218.01
0.934	215.64
0.944	215.79
0.954	215.03
0.964	216.12
0.974	216.47
0.984	215.35
0.994	214.03
1.004	214.98
1.014	218.27
1.024	218.24
1.034	226.55
1.044	230.44
1.054	216.21
1.064	215.39
1.074	212.54
1.084	209.12
1.094	207.89
1.104	203.3
1.114	203.84
1.124	198.04
1.134	202.87
1.144	199.71
1.154	200.57
1.164	200.31
1.174	200.31
1.184	200.4
1.194	201.81
1.204	205.65
1.214	199.7
1.224	200.47
1.234	202.78
1.244	200.36
1.254	200.02
1.264	202.97
1.274	205.14
1.284	203.58
1.294	202.3
1.304	201.9
1.314	202.12
1.324	201.73
1.334	203.9
1.344	203.42
1.354	202.67
1.364	202.86
1.374	202.15
1.384	202.43
1.394	202.7
1.404	203.17
1.414	202.79
1.424	203.65
1.434	203.55
1.444	204.98
1.454	206.66
1.464	205.41
1.474	206.24
1.484	206.26
1.494	206.72
1.504	206.2
1.514	207.54
1.524	207.88
1.534	207.95
1.544	207.89
1.554	207.65
1.564	208.1
1.574	209.1
1.584	210.08
1.594	211.94
1.604	212.09
1.614	212.25
1.624	213.19
1.634	214.33
1.644	216.24
1.654	217.28
1.664	216.73
1.674	214.65
1.684	212.55
1.694	213.15
1.704	214.85
1.714	218.52
1.724	215.37
1.734	216.95
1.744	212.73
1.754	216.74
1.764	212.94
1.774	211.94
1.784	213.01
1.844	239.08
1.854	221.33
1.864	213.94
1.874	213.08
1.884	211.47
1.894	206.06
1.904	208.69
1.914	207.42
1.924	203.73
1.934	201.19
1.944	205.37
1.954	204.72
1.964	203.66
1.974	205
1.984	205.28
1.994	205.11
2.004	203.32
2.014	200.4
2.024	202.51
2.034	202.18
2.044	202.28
2.054	202.72
2.064	203.18
2.074	203.32
2.084	208.92
2.094	217.64
2.104	219.03
2.114	223.13
2.124	228.55
2.134	232.74
2.144	235.2
2.154	237.58
2.164	239.61
2.174	243.47
2.184	245.68
2.194	245.58
2.204	245.46
2.214	245.37
2.224	243.14
2.234	240.15
2.244	236.24
2.254	230.97
2.264	229.74
2.274	226.9
2.284	218.94
2.294	224.52
2.304	213.07
2.314	212.4
2.324	210.31
2.334	206.73
2.344	201.61
2.354	199.96
2.364	200.77
2.374	199.26
2.384	199.1
2.394	198.62
2.404	197.16
2.414	196.36
2.424	195.91
2.434	194.12
2.444	194.28
2.454	190
2.464	190.76
2.474	190.79
2.484	187.05
2.494	185.41
2.504	192.64
2.514	194.79
2.524	200.25
2.534	201.78
2.544	201.49
2.554	194.18
2.604	218.95
2.614	229.02
2.624	229.63
2.634	229.84
2.644	231.48
2.654	229.67
2.664	229.78
2.674	229.87
2.684	228.36
2.694	227.47
2.704	225.39
2.714	224.05
2.724	222.27
2.734	219.68
2.744	214.85
2.754	212.29
2.764	207.64
2.774	211.07
2.784	213.83
2.794	214.73
2.804	215.92
2.814	219.2
2.824	214.66
2.834	217.81
2.844	213.98
2.854	210.85
2.864	218.31
2.874	201.1
2.884	180.33
2.894	177.58
2.904	185.11
2.914	175.16
2.924	177.66
2.934	182.54
2.944	183.73
2.954	190.62
2.964	199.24
2.974	185.85
2.984	182.79
2.994	187.69
3.004	187.54
3.784	213.38
3.794	206.03
3.804	211.89
3.814	208.87
3.824	207.95
3.834	206.48
3.844	207.38
3.854	208.67
3.864	207.65
3.874	206.72
3.884	206.78
3.894	206.51
3.904	206.67
3.914	206.14
3.924	205.01
3.934	204.72
3.944	204.28
3.954	204.03
3.964	203.73
3.974	203.86
3.984	204.14
3.994	202.61
4.004	203.32
4.014	202.98
4.024	204.01
4.034	204.37
4.044	202.87
4.054	206.53
4.064	199.6
4.074	199.16
4.084	204.34
4.094	206.9
4.104	204.52
4.114	202.07
4.124	202.7
4.134	204.18
4.144	202.91
4.154	204.16
4.164	204.41
4.174	333.04
4.184	341.27
4.224	205.74
4.234	204.56
4.324	224.85
4.334	209.83
4.344	205.45
4.354	206.36
4.364	203.47
4.374	203.68
4.384	203.5
4.394	204.46
4.404	203.69
4.414	204.81
4.424	204.09
4.434	204.23
4.444	204.56
4.454	204.49
4.464	204.19
4.474	203.64
4.484	203.1
4.494	202.72
4.504	202.65
4.514	200.68
4.524	199.65
4.534	196.93
4.544	207.46
4.574	202.22
4.584	201.52
4.594	203.01
4.604	205.36
4.644	236.33
4.654	221.35
4.664	217.75
4.674	217.67
4.684	217.11
4.694	215.78
4.704	211.34
4.714	210.21
4.724	207.04
4.734	209.07
4.744	210.55
4.754	211.69
4.764	209.7
4.774	210.86
4.784	219.64
4.794	222.62
4.804	220.55
4.814	211.68
4.824	217.54
4.834	217.78
4.844	217.13
4.854	217.95
4.864	218.57
4.874	213.69
4.884	219.41
4.894	217.1
4.904	223.62
4.914	224.89
4.924	227.62
4.934	238.55
4.944	218.17
4.954	222.24
4.964	221.35
4.974	217.84
4.984	213.87
4.994	215.44
5.004	215.11
5.014	213.22
5.024	212.1
5.034	210.58
5.044	212.48
5.054	211.28
5.064	212.07
5.074	211.44
5.084	209.39
5.094	208.72
5.104	209.04
5.114	206.45
5.124	206.12
5.134	205.5
5.144	205.02
5.154	203.4
5.164	201.77
5.174	199.89
5.184	198.35
5.194	195.24
5.204	196.98
5.214	200.47
5.224	199.62
5.234	198.25
5.244	196.51
5.254	196.31
5.264	196.25
5.274	202.68
5.284	199.38
5.294	197.96
5.304	196.07
5.314	195.19
5.324	194.27
5.334	194.6
5.344	194.11
5.354	192.78
5.364	192.83
5.374	191.66
5.384	189.95
5.394	191.26
5.404	192.29
5.414	193.16
5.424	194.11
5.434	195.1
5.444	197.49
5.454	202.95
5.464	200.77
5.474	203.1
5.484	210.24
5.494	203.37
5.504	203.97
5.514	203.51
5.524	203.48
5.534	201.41
5.544	200.99
5.604	231.21
5.614	231.56
5.624	215.81
5.634	209.08
5.644	212.39
5.654	207.78
5.664	203.46
5.674	201.83
5.684	194.96
5.694	194.07
5.704	194.62
5.714	189.34
5.724	189.13
5.734	189.96
5.744	191.78
5.754	192.93
5.764	193.14
5.774	192.83
5.784	190.38
5.794	188.58
5.804	190.06
5.814	189.74
5.824	185.48
5.834	189.69
5.844	207.93
5.854	193.26
6.374	190.2
6.384	203.79
6.394	208.43
6.404	201.63
6.414	201.33
6.424	203.28
6.434	201.29
6.444	195.06
6.454	201.36
6.464	197.5
6.474	199.56
6.484	194.71
6.494	198.05
6.504	202.29
6.514	202.7
6.524	203.89
6.534	205.11
6.544	206.18
6.554	207.8
6.564	208.81
6.574	207.15
6.584	208.49
6.594	209.48
6.604	210.11
6.614	210.53
6.624	210.67
6.634	209.74
6.644	208.83
6.654	213.5
6.664	209.59
6.674	217.57
6.684	208.31
6.694	207.07
6.704	212.47
6.714	208.49
6.724	208.16
6.734	207.98
6.744	210.71
6.754	210.3
6.964	245.12
6.974	236.5
6.984	247.93
6.994	208.14
7.004	205.97
7.014	204.77
7.024	200.77
7.034	200.95
7.044	197.96
7.054	195.11
7.064	187.45
7.074	190.22
7.084	187.49
7.094	187.59
7.104	189.08
7.114	187.66
7.124	186.13
7.134	186.96
7.144	184.83
7.154	182.56
7.164	184.89
7.174	180.48
7.184	182.75
7.194	182.89
7.204	182.35
7.214	183.17
7.224	186.9
7.674	257.52
7.684	238.09
7.694	218.73
7.704	211.65
7.714	209.38
7.724	212.76
7.734	211.39
7.744	205.84
7.754	207.51
7.764	205.41
7.774	209.42
7.784	206.17
7.794	208.91
7.804	213.8
7.814	216.48
7.824	224.11
7.834	202.95
7.844	203.81
7.854	203.34
7.864	202.78
7.874	199.81
7.884	199.33
7.894	200.25
7.904	201.09
7.914	201.83
7.924	205.48
7.934	207.74
7.944	207.8
7.954	207.67
7.964	207.41
7.974	207.44
7.984	206.35
7.994	205.14
8.004	203.28
8.014	200.34
8.024	198.07
8.034	196.89
8.044	193.71
8.054	192.66
8.064	192.14
8.074	193.74
8.084	194.86
8.094	199.53
8.104	195.75
8.114	198.01
8.124	194.86
8.134	195.58
8.144	195.31
8.154	193.44
8.164	195.43
8.174	194.95
8.184	195.27
8.844	194.58
8.854	203.22
8.864	203.01
8.874	203.12
8.884	201.58
8.894	202.58
8.904	202.12
8.914	199.77
8.924	199.44
8.934	199.32
8.944	198.29
8.954	198.05
8.964	198.01
8.974	197.7
8.984	197.96
8.994	197.71
9.004	197.82
9.014	197.74
9.024	196.64
9.034	196.22
9.044	195.09
9.054	195.75
9.064	195.96
9.074	195.17
9.084	194.2
9.094	194.44
9.104	193.86
9.114	194.78
9.124	194.51
9.134	194.22
9.144	194.05
9.154	194.14
9.164	195.29
9.174	194.64
9.184	194.7
9.194	193.92
9.204	194.56
9.214	194.92
9.224	194.6
9.234	195.53
9.244	195.29
9.254	196.73
9.264	195.7
9.274	195.75
9.284	196.2
9.294	195.98
9.304	196.64
9.314	197.03
9.324	197.18
9.334	194.93
9.344	195.85
9.354	194.92
9.364	192.2
9.374	190.78
9.384	190.19
9.394	189.59
9.404	192.57
9.414	197.58
9.424	194.39
9.434	194.7
9.444	194.13
9.454	192.37
9.464	199.05
9.474	185.35
9.484	195.23
9.494	186.4
10.284	227.11
10.294	223.03
10.304	219.82
10.314	209.08
10.324	209.14
10.334	206.39
10.344	203.65
10.354	215.51
10.364	210.13
10.374	203.12
10.434	256.88
10.444	244.13
10.454	229.3
10.464	227.82
10.474	226.53
10.484	227.08
10.494	223.46
10.504	219.23
10.514	215.99
10.524	222.53
10.534	216.77
10.544	223.64
10.594	242.17
10.604	228.43
10.614	222.96
10.624	217.22
10.634	210.18
10.644	210.71
10.654	209.5
10.784	275.76
10.794	260.66
10.804	247.18
10.814	250.21
10.824	249.95
10.834	251.2
10.844	252.7
10.854	255.23
10.864	255.96
10.874	256.66
10.884	257.19
10.894	254.56
10.904	256.77
10.914	265.6
11.364	259.91
11.374	229.73
11.384	229.89
11.394	225.89
11.404	223.08
11.414	221.2
11.424	219.69
11.434	215.53
11.444	215.04
11.454	212.91
11.464	215.04
11.474	215.32
11.484	216.1
11.494	213.97
11.504	212.67
11.514	211.57
11.524	212.42
11.534	209.99
11.544	210.63
11.554	209.86
11.564	208.74
11.574	206.97
11.584	205.01
11.594	203.49
11.604	201.5
11.614	200.31
11.624	199.36
11.634	196.43
11.644	194.86
11.654	193.62
11.664	191.85
11.674	191.83
11.684	191.76
11.694	193.09
11.704	194.47
11.714	196.8
11.724	196.94
11.734	193.95
11.744	195.64
11.754	195.64
11.764	195.15
11.774	193.95
11.784	194.06
11.864	252.71
11.874	231.34
11.884	222
11.894	216.17
11.904	210.84
11.914	207.12
11.924	202.88
11.934	200.53
11.944	202.61
11.954	192.69
11.964	191.46
11.974	190.85
11.984	189.99
11.994	187.55
12.004	184.76
12.014	185.45
12.024	181.21
12.034	184.84
12.044	184.22
12.054	183.8
12.064	183.17
12.074	181.85
12.084	182.71
12.094	181.36
12.104	182.97
12.114	192.64
12.124	204.47
12.134	202.49
12.144	187.89
12.154	184.9
12.164	181.91
12.174	177.85
12.184	181.49
12.304	205.03
12.314	227.01
12.324	200.53
12.334	194.98
12.344	191.3
12.354	186.44
12.364	188.31
12.374	187.82
12.384	187.16
12.394	188.94
12.404	188.27
12.414	188.82
12.424	173.08
12.434	194.29
12.444	208.34
12.474	191.75
12.484	192.89
12.974	228.3
12.984	224.26
12.994	216.82
13.004	207.69
13.014	208.56
13.024	205.45
13.034	206.63
13.044	208.26
13.054	212.57
13.064	216.32
13.074	216.28
13.084	217.25
13.094	219.14
13.104	218.19
13.114	216.79
13.124	216.19
13.134	215.2
13.144	213.85
13.154	214.16
13.164	215.15
13.174	214.81
13.184	216.44
13.194	214.43
13.204	215.42
13.214	216.97
13.224	218.88
13.234	220.5
13.244	211.96
13.254	208.17
13.264	207.12
13.274	200.57
13.284	201.38
13.294	200.4
13.304	200.94
13.314	201.01
13.324	211.23
13.344	150.77
13.354	200.05
13.364	229.43
13.424	199.84
13.434	196.94
13.444	196.34
13.454	196.49
13.464	203.05
13.474	196.29
13.484	194.85
13.494	197.29
13.504	203.57
13.514	195.95
13.524	199.56
13.534	199.78
13.544	214.89
13.554	195.37
13.564	192.72
13.574	192.83
13.584	191.38
13.594	189.1
13.604	185.92
13.614	187.53
13.624	189.35
13.634	182.29
13.644	201.18
13.654	186.19
13.664	189.23
13.674	185.86
13.764	188.13
13.774	191.25
13.784	193.07
13.794	187.07
13.804	189.37
13.814	177.39
13.824	214.43
13.834	176.86
13.844	228.28
13.924	222.48
13.934	210.98
13.944	193.99
13.954	192.98
13.964	188.11
13.974	185.66
13.984	184.52
13.994	168.38
14.004	181.87
14.014	178.04
14.024	177.26
14.034	179.58
14.044	181.75
14.054	177.53
14.064	177.33
14.074	176.85
14.084	176.41
14.094	175.73
14.104	172.41
14.114	178.37
14.124	173.55
14.134	170.39
14.144	176.88
14.154	176.55
14.164	178.35
14.174	178.22
14.184	181.26
14.194	181.75
14.204	180.82
14.214	183.1
14.224	181.19
14.234	180.85
14.244	185.66
14.254	190.64
14.264	186.85
14.274	182.2
14.284	179.26
14.294	175.18
14.304	159.8
14.344	180.14
