time	f0
0.935	108.96
0.945	106.46
0.955	104.82
0.965	104.24
0.975	103.56
0.985	102.89
0.995	101.73
1.005	101.05
1.015	100.84
1.025	100.33
1.035	99.57
1.045	99.27
1.055	98.66
1.065	97.72
1.075	97.04
1.085	96.46
1.095	96.82
1.105	96.28
1.115	95.2
1.125	95.9
1.135	96.01
1.145	94.75
1.155	93.31
1.165	96.92
1.175	97.9
1.185	96.77
1.195	95.02
1.205	95.78
1.215	98.9
1.225	97.97
1.235	94.73
1.245	94.54
1.255	100.42
1.265	95.79
1.275	95.92
2.135	127.8
2.145	127.31
2.155	123.64
2.165	120.82
2.175	127.13
2.185	129.38
2.195	126.67
2.395	107.42
2.405	104.49
2.415	105.22
2.425	131.49
2.435	130.68
2.625	122.79
2.635	123.04
2.645	100.73
2.655	97.99
2.665	96.66
2.675	100.38
2.685	95.31
2.695	92.88
2.705	92.5
2.715	93.04
2.725	92.83
2.735	93.06
2.745	88.22
2.795	93.47
2.805	90.81
2.815	89.16
2.825	91.36
2.835	89.07
2.845	86.01
3.045	101.56
3.055	82.61
3.065	83.08
3.075	84.72
3.085	82.23
3.095	85.56
3.105	85.93
3.115	83.18
3.155	99.16
3.165	96.97
3.175	92.79
3.185	89.87
3.195	89.7
3.205	88.74
3.215	88.57
3.225	90.87
3.235	93.36
3.245	91.05
3.255	93.16
3.265	97.36
3.275	97.24
4.115	90.09
4.125	94.97
4.135	95.34
4.145	94.17
4.155	92.69
4.165	93.81
4.175	92.09
4.185	92.01
4.195	93.35
4.205	94.65
4.215	94.49
4.225	96.72
4.235	96.48
4.245	104.39
4.255	103.05
4.265	101.1
4.275	100.02
4.285	101.19
4.295	102.19
4.305	100.54
4.375	102.59
4.385	104.62
4.395	105.58
4.405	105.45
4.415	105.61
4.425	105.58
4.435	103.76
4.445	103.15
4.455	103.22
4.465	102.43
4.475	101.48
4.485	99.01
4.495	96.92
4.505	96.38
4.515	96.61
4.525	95.62
4.535	95.16
4.545	94.65
4.555	94.1
4.565	93.75
4.575	91.56
4.585	94.34
4.595	95.8
4.605	95.81
4.615	97.62
4.625	96.33
4.635	94.76
4.645	95.12
4.655	98.88
4.665	94.88
4.675	109.74
4.685	109.64
4.695	101.37
4.705	104.41
4.715	103.67
4.725	103.89
4.735	103.81
4.745	104.1
4.755	104.44
4.765	104.38
4.775	104.44
4.785	104.38
4.795	104.85
4.805	105.26
4.815	105.24
4.825	103.25
4.835	101.38
4.845	99.98
4.855	99.36
4.865	97.84
4.875	97.54
4.885	96.32
4.895	95.85
4.905	94.27
4.915	93.79
4.925	92.63
4.935	90.64
4.945	95.65
5.105	90.61
5.115	94.51
5.125	88.86
5.135	100.93
5.145	100.51
5.155	100.68
5.165	94.66
5.175	94.97
5.185	94.95
5.195	94.33
5.205	94.43
5.215	95.02
5.225	90.96
5.235	94.92
5.245	89.66
5.255	91.66
5.265	94.4
5.275	95.91
5.285	96.69
5.295	102.39
5.305	98.27
5.315	88
5.325	104.47
5.335	124
5.345	107.07
5.355	101.24
5.365	99.3
5.375	98.31
5.385	97.26
5.395	97.2
5.405	96.89
5.415	97.62
5.425	97.6
5.435	95.45
5.445	95.78
5.455	95.72
5.465	95.16
5.475	96.2
5.485	98.21
5.495	100.11
5.505	100.61
5.515	101.01
5.525	101.1
5.535	100.59
5.545	102.69
5.555	103.62
5.565	103.61
5.575	104.33
5.585	107.94
5.595	106.5
5.605	104.9
5.615	107.03
5.625	109.91
5.635	110.55
5.645	111.39
5.655	113.4
5.665	115.27
5.675	116.77
5.685	115.48
5.695	113.78
5.705	112.78
5.715	111.58
5.725	109.01
5.735	105.37
5.745	102.82
5.755	101.6
5.765	100.02
5.775	99.48
5.785	99.64
5.795	99.36
5.805	98.93
5.815	100.29
5.825	102.81
5.835	102.64
5.845	102.45
5.855	102.29
5.865	102.41
5.875	102.45
5.885	100.53
5.945	107.41
5.955	104.19
5.965	104.74
5.975	103.65
5.985	102.69
5.995	102.48
6.005	102.09
6.015	102.77
6.025	104.8
6.035	107.55
6.045	107.48
6.055	107.55
6.065	102.54
6.075	101.28
6.085	100.57
6.095	100.62
6.105	99.06
6.115	99.39
6.125	98.65
6.135	100.36
6.145	96.75
6.315	101.89
6.325	103.63
6.335	100.3
6.345	105.77
6.915	99.16
6.925	100.22
6.935	99.72
6.945	98.65
6.955	98.12
6.965	96.83
6.975	95.32
6.985	93.89
6.995	94.25
7.005	95.71
7.015	96.74
7.025	93.04
7.035	97.49
7.045	100.75
7.055	99.11
7.065	95.39
7.075	93.5
7.085	100.69
7.095	102.41
7.105	102.53
7.575	103.45
7.585	97.09
7.595	97.26
7.605	97.57
7.615	100.45
7.625	101.03
7.635	97.64
7.645	96.37
7.655	95.77
7.665	93.01
7.675	91.15
7.715	98.97
7.725	98.97
7.735	81.08
7.745	98.36
7.755	97.74
7.765	102.89
7.775	103.91
7.785	103.35
7.795	102.9
7.805	99.11
7.815	90.5
8.125	81.07
8.135	80.89
8.145	79.33
8.155	70.61
8.165	81.09
8.175	80.89
8.185	81.83
8.195	83.47
8.435	120.5
8.445	124.14
8.455	129.09
8.465	133.83
8.705	115.93
8.715	112.98
8.725	79.4
8.735	103.35
8.745	95.52
8.755	105.96
8.865	108.05
8.875	108.35
8.885	98.19
8.895	101.17
8.905	96.17
8.915	86.81
8.925	102.64
8.935	95.26
8.945	93.42
8.955	94.13
8.965	101.33
8.975	94.44
9.495	97.52
9.505	103.64
9.515	107.06
9.525	112.65
9.535	123.25
9.545	127.19
9.555	134.87
9.565	150.53
9.575	152.45
9.585	155.4
9.595	159.36
9.605	164.96
9.615	165.83
9.625	164.42
