time	f0
0.805	118.38
0.815	117.03
0.825	114.4
0.835	110.8
0.845	109.94
0.855	111.41
0.865	113.63
0.875	113.88
0.885	116.96
0.895	116.94
0.905	114.47
0.915	114.55
1.115	113.09
1.125	113.52
1.135	114.13
1.145	115.35
1.155	113.31
1.165	110.17
1.175	109.66
1.185	109.16
1.195	108.94
1.205	109.1
1.215	109.17
1.225	109.14
1.235	109.03
1.245	108.59
1.255	108.24
1.265	106.28
1.275	106.08
1.285	105.38
1.295	104.84
1.305	104.48
1.315	103.85
1.325	103.92
1.335	103.67
1.345	103.06
1.355	100.98
1.365	100.38
1.375	101.88
1.385	105.33
1.395	108.07
1.405	109.59
1.415	110.71
1.425	112.46
1.435	114.02
1.445	113.54
1.455	112.52
1.465	111.61
1.475	108.67
1.485	106.02
1.495	105.84
1.505	103.34
1.515	103.12
1.525	103.42
1.695	100.39
1.705	100.44
1.715	100.41
1.725	101.1
1.735	102.96
1.745	103.98
1.755	105.26
1.765	106.26
1.775	107.1
1.785	107.32
1.795	106.07
1.805	105.36
1.905	103.64
1.915	106.15
1.925	107.24
1.935	106.86
1.945	106.33
1.955	106.15
1.965	106.04
1.975	106.71
1.985	106.94
1.995	106.04
2.005	105.35
2.015	104.45
2.025	102.71
2.035	100.14
2.065	71.42
2.075	71.67
2.085	72.44
2.095	104.7
2.105	104.54
2.115	104.15
2.165	129.93
2.175	135.61
2.185	139.55
2.195	143.22
2.205	147.47
2.215	147.37
2.225	145.75
2.235	143.88
2.275	74.34
2.285	73.49
2.295	75.22
2.305	76.44
3.025	100.14
3.035	100.15
3.045	99.32
3.055	98.4
3.065	96.84
3.075	94.41
3.085	91.7
3.095	89.89
3.105	84.27
3.115	81.43
3.125	80.91
3.135	79.54
3.145	78.85
3.155	77.82
3.165	74.63
3.175	74.69
3.185	72.3
3.195	72.39
3.205	75.63
3.215	77.37
3.225	82.22
3.235	84.78
3.245	84.06
3.255	83.69
3.265	82.03
3.275	80.67
3.285	80.74
3.295	76.38
3.305	72.51
3.315	69.56
3.325	66.48
3.335	64.83
3.345	63.55
3.355	61.98
3.365	61.26
3.375	54.75
3.385	51.79
3.395	51.35
3.405	52.63
3.415	52.64
3.425	63.6
3.435	63.4
3.445	64.15
3.485	56.65
3.495	52.43
3.505	51.6
3.565	109.08
3.575	107.75
3.585	103.83
3.605	71.36
3.615	72.48
3.625	75.64
4.075	87.86
4.085	86.41
4.095	86.61
4.105	87.63
4.115	89.98
4.125	92.57
4.135	113.03
4.145	112.74
4.155	114.64
4.165	115.65
4.175	114.84
4.185	113.89
4.195	113.48
4.205	112.88
4.215	111.86
4.225	110.76
4.235	106.97
4.245	105.88
4.255	103.85
4.265	104.05
4.275	106.11
4.285	106.58
4.355	90.76
4.365	90.33
4.375	90.03
4.385	95.53
4.395	96.28
4.405	96.75
4.415	95.9
4.535	78.39
4.545	79.2
4.555	84.61
4.565	84.89
4.575	84.77
4.585	85.74
4.595	87.11
4.605	88.05
4.615	90.37
4.785	95.87
4.795	100.71
4.805	104.88
4.815	105.67
4.825	106.3
4.835	107.64
4.845	108.99
4.855	110.23
4.865	112.72
4.875	118
4.885	122.85
4.895	124.81
4.905	126.19
4.915	126.69
4.925	126.65
4.935	126.16
4.945	124.53
4.955	121.03
4.965	118.1
4.975	115.39
4.985	113.06
5.265	48.72
5.275	59.2
5.285	59.12
5.295	58.68
5.305	57.72
5.425	68.75
5.435	68.82
5.445	68.81
5.455	68.15
5.465	69.72
5.475	72.52
5.485	72.83
5.845	109.91
5.855	107.49
5.865	104.86
5.875	103.26
5.885	102.26
5.895	101.83
5.905	101.55
5.915	100.61
5.925	99.09
5.935	98.06
5.945	97.58
5.955	97.45
5.965	96.75
5.975	94.58
5.985	93.5
6.095	96.16
6.105	95.85
6.115	95.61
6.125	95.69
6.135	97.11
6.145	101.94
6.155	102.54
6.165	102.47
6.215	50.67
6.225	50.8
6.235	50.87
6.245	50.87
6.485	52.63
6.495	52.78
6.505	52.67
6.515	52.25
6.525	51.82
6.535	51.63
6.625	54.6
6.635	54.73
6.645	56.43
6.655	55
6.665	54.81
6.815	105.51
6.825	109.3
6.835	111.07
6.845	112.14
6.855	113.66
6.865	114.14
6.875	114.76
6.885	115.41
6.895	115.36
6.905	115.03
6.915	114.85
6.925	115.45
6.935	116.12
6.945	117.29
6.955	118.13
6.965	115.19
7.105	53.77
7.115	54.66
7.125	54.52
7.135	54.63
7.145	54.39
7.155	53.96
7.165	54.76
7.175	62.41
7.185	61.44
7.195	60.78
7.205	60.89
7.215	62.46
7.225	62.44
7.235	61.86
7.245	62.23
7.255	63.85
7.265	65.93
7.275	66.27
7.325	59.45
7.335	60.02
7.515	56.32
7.525	56.36
7.535	52.73
7.545	58.41
7.555	57.63
7.595	54.65
7.605	54.48
7.625	129.31
7.635	127.12
7.645	125.86
7.655	126.45
7.675	58.4
7.685	59.64
7.695	60.25
7.705	62.7
7.715	62.99
7.725	62.52
7.735	61.12
7.745	62.34
9.055	64.69
9.065	65.84
9.075	65.46
9.085	63.07
9.095	63.32
9.165	63.87
9.175	58.42
9.185	58.35
9.195	57
9.515	56.72
9.525	56.29
9.535	56.21
9.715	107.07
9.725	103.94
9.735	104.77
9.745	105.91
9.755	106.06
9.765	105.94
9.775	104.78
9.785	106.79
9.795	108.89
9.805	108.2
9.815	106.39
9.825	104.02
9.835	103.24
9.845	103.06
9.855	102.65
9.865	102.38
9.875	102.08
9.885	102.95
10.045	54.39
10.055	54.35
10.065	53.75
10.075	53.17
10.085	53.57
10.095	53.55
10.105	54.05
10.115	54.17
10.125	53.45
10.135	54.97
10.145	54.89
10.265	101.25
10.275	101.11
10.385	56.52
10.395	54.71
10.405	53.95
10.675	60.63
10.685	60.48
10.695	58.18
10.705	57.17
10.715	61.02
10.725	61.13
10.735	60.1
10.745	54.17
10.755	55.26
10.765	60.32
10.775	60.32
10.785	58.13
10.795	58.51
