time	f0
0.07	170.98
0.08	173.19
0.09	170.09
0.1	165.46
0.11	160.62
0.12	156.68
0.13	151.8
0.14	151.78
0.15	152.46
0.16	152.01
0.17	151.98
0.18	153.19
0.19	154.9
0.2	156.07
0.21	157.28
0.22	157.24
0.23	156.83
0.24	156.37
0.25	155.19
0.26	153.99
0.27	152.95
0.28	151.22
0.29	149.74
0.3	149.1
0.31	148.33
0.32	148.07
0.33	147.65
0.34	147.81
0.35	147.01
0.36	145.99
0.37	145.16
0.38	144.51
0.39	143.77
0.4	142.82
0.41	142.74
0.42	142.47
0.43	142.91
0.44	143.07
0.45	143.22
0.46	143.62
0.47	143.7
0.48	143.71
0.49	143.58
0.5	143.69
0.51	143.56
0.52	142.92
0.53	142.61
0.54	142.31
0.55	142.07
0.56	141.73
0.57	141.97
0.58	142.03
0.59	141.47
0.6	140.09
0.61	137.61
0.62	135.46
0.63	133.83
0.64	130.98
0.65	117.96
0.66	109.39
0.71	128.45
0.72	136.12
0.73	133.1
0.74	131.84
0.75	130.45
0.76	127.06
0.77	121.26
0.78	111.46
0.79	104.52
0.8	103.8
0.81	105.72
0.82	117.18
0.83	123.58
0.84	123.64
0.85	121.42
0.86	121.67
0.87	125.52
0.88	126.71
0.89	126.61
0.9	125.06
0.91	122.67
0.92	120.29
0.93	119.66
0.94	119.9
0.95	117.92
0.96	115.12
0.97	116.17
0.98	115.15
1.07	116.07
1.08	112.7
1.09	113.22
1.1	114.31
1.11	116.22
1.12	118.63
1.13	116.42
1.14	116.46
1.15	116.65
1.16	114.71
1.17	115.03
1.18	115.59
1.19	114.75
1.2	108.8
1.21	100.27
1.22	103.64
1.23	108.59
1.24	110.18
1.25	111.17
1.33	115.32
1.34	118.02
1.35	117.39
1.36	116.16
1.37	114.43
1.38	107.13
1.39	112.88
1.4	111.66
1.41	114.08
1.42	113.97
1.43	111.81
1.44	111.06
1.45	109.85
1.46	109.22
1.47	107.96
1.48	107.58
1.49	106.9
1.5	107.94
1.51	108.97
1.52	103.91
1.53	105.01
1.54	104.12
1.55	104.58
1.56	103.06
1.57	102.14
1.58	101.56
1.59	100.7
1.6	99.05
1.61	96.53
1.62	96.51
1.63	95.49
1.64	95.26
1.65	95.5
1.66	95.18
1.67	95.67
1.68	95.87
1.69	98.47
1.7	99.5
1.71	100.19
1.72	100.23
1.73	100.08
1.74	100.17
1.75	99.75
1.76	99.18
1.77	98.15
1.78	99.94
1.79	100.21
1.8	100.01
1.81	100.87
1.82	102.07
1.83	101.58
1.84	99.48
1.85	99.19
1.86	99.11
1.87	98.6
1.88	98.55
1.89	99.83
1.9	99.79
1.91	99.89
1.95	100.16
1.96	109.75
1.97	111.47
1.98	110.04
1.99	110.88
2	102.84
2.01	113.92
2.02	111.53
2.03	113.11
2.04	114.66
2.05	104.44
2.06	119.45
2.07	104.8
2.08	111.24
2.09	105.35
2.1	107.04
2.11	105.39
2.12	105.09
2.13	104.72
2.14	100.09
2.15	99.15
2.16	97.83
2.17	96.75
2.18	99.46
2.19	100.37
2.2	99.39
2.21	98.31
2.22	101.47
2.23	103.46
2.24	102.72
2.25	101.64
2.26	99.43
2.27	101.01
2.28	100.71
2.29	102.52
2.3	101.8
2.31	101.01
2.32	100.02
2.33	99.33
2.34	103.84
2.35	102.26
2.36	101.99
2.37	101.76
2.38	101.07
2.39	101.7
2.54	120.39
2.55	117.54
2.56	115.48
2.57	117.28
2.58	118.41
2.59	114.86
2.6	111.15
2.61	111.14
2.62	120.03
3.33	104.6
3.34	108.96
3.35	115.68
3.36	115.86
3.37	118.77
3.38	117.55
3.39	116.82
3.4	116.8
3.41	116.13
3.42	117.01
3.43	116.94
3.44	115.12
3.45	114.9
3.46	113.65
3.47	112.39
3.48	111.99
3.49	112.27
3.5	110.97
3.51	109.78
3.52	109.03
3.53	108.83
3.54	108.7
3.55	107.73
3.56	106.82
3.57	107.11
3.58	106.72
3.59	104.16
3.6	105.56
3.61	105.09
3.62	104.36
3.63	102.29
3.79	94.29
3.8	94.08
3.81	95.39
3.82	119.72
3.83	112.63
3.84	109.45
3.85	107.56
3.86	109.82
3.87	98.1
3.95	112.33
3.96	120.56
3.99	118.45
4	108.85
4.18	109.24
4.19	109.35
4.2	104.54
4.21	101.75
4.27	98.79
4.28	101.68
4.29	106.6
4.3	109.73
4.31	107.38
4.32	107.46
4.33	104.77
4.34	103.38
4.35	105.45
4.36	103.55
4.6	107.61
4.61	114.88
4.62	114.63
4.63	111.56
4.64	110.37
4.65	109.44
4.66	107.52
4.67	107.17
4.68	106.34
4.69	103.59
4.7	103.52
4.71	103.18
4.72	102.96
4.73	104.98
4.74	104.36
4.75	104.38
4.76	104.11
4.77	103.35
4.78	104.19
4.79	103.82
4.8	100.57
4.81	101.78
4.82	103.98
4.83	103.36
4.84	103.86
4.85	109.28
4.86	110.97
4.87	112.82
4.88	112.59
4.89	111.9
4.9	108.13
4.91	105.38
4.92	106.75
4.93	100.22
4.94	103.83
4.95	103.85
4.96	107.11
4.97	105.26
5.01	117.7
5.02	125.47
5.03	109.04
5.04	109.18
5.05	106.27
5.06	106.7
5.07	103.93
5.08	102.92
5.09	102.01
5.1	103.74
5.11	103.02
5.15	97.25
5.16	109.97
5.17	104.51
5.18	107.97
5.19	107.26
5.2	105.37
5.21	105.91
5.22	108.17
5.23	107.2
5.24	106.89
5.25	106.44
5.26	106.28
5.27	106.01
5.28	107.35
5.29	108.02
5.3	108.34
5.31	108.23
5.32	106.9
5.33	101.74
5.34	106.28
5.35	108.99
5.36	107.7
5.42	109.58
5.43	110.23
5.44	107.45
5.45	107.59
5.46	103.97
5.47	105.94
5.48	107.85
5.49	107.52
5.5	112.51
