time	f0
1.085	141.25
1.095	125.01
1.105	120.34
1.115	116.63
1.125	116.53
1.135	116.02
1.145	115.36
1.155	115.48
1.165	116.79
1.175	117.11
1.185	117.04
1.195	116.68
1.205	116.2
1.215	115.43
1.225	118.01
1.235	118.51
1.245	118.59
1.595	133.54
1.605	127.67
1.615	120.52
1.625	107.98
1.635	108.57
1.645	106.76
1.655	108.36
1.665	106.44
1.675	106.85
1.685	106.31
1.695	106.71
1.705	107.38
1.715	107.95
1.725	108.27
1.735	107.78
1.745	107.13
1.755	108.41
1.765	108
1.775	106.35
1.785	106.37
1.795	106.59
1.805	105.03
1.815	104.92
1.825	104.25
1.835	104.26
1.845	103.95
1.855	103.86
1.865	103.39
1.875	102.91
1.885	104.34
1.895	103.13
1.905	101.96
1.915	103.02
1.925	104.21
1.935	102.54
1.945	101.68
1.955	103.31
1.965	102.13
1.975	100.64
1.985	101.94
1.995	103.58
2.005	102.9
2.015	100
2.025	101.37
2.035	101.75
2.045	103.81
2.055	102.62
2.065	96.76
2.075	101.74
2.085	104.53
2.095	104.78
2.755	129.92
2.765	120.98
2.775	109.78
2.785	107.11
2.795	107.47
2.805	105.99
2.815	105.95
2.825	107.33
2.835	106.52
2.845	106.15
2.855	107.06
2.865	105.8
2.875	106.02
2.885	105.18
2.895	103.68
2.905	106.23
2.935	113.82
2.945	112.82
2.955	111.71
2.965	111.05
2.975	111.34
2.985	111.28
2.995	111.56
3.005	113.09
3.015	112.78
3.025	115.64
3.035	118.74
3.045	121.59
3.055	122.27
3.065	123.21
3.075	125.72
3.085	126.26
3.095	125.43
3.105	126.32
3.115	127.06
3.125	128.21
3.135	128.97
3.145	127.69
3.155	127.29
3.165	130.15
3.175	132.99
3.185	130.84
3.195	130.85
3.205	128.91
3.215	127.7
3.225	127.61
3.235	127.67
3.245	127.43
3.255	127.45
3.265	127.25
3.275	127.4
3.305	140.64
3.315	140.8
3.325	118.91
3.335	120.11
3.345	118.29
3.355	116.74
3.365	115.95
3.375	118.63
3.385	121
3.395	119.56
3.405	118.77
3.415	120.53
3.425	121.96
3.435	123.67
3.445	123.01
3.455	126.44
3.465	122.58
3.475	115.6
3.485	115.62
3.495	114.92
3.505	113.29
3.515	115.48
3.525	111.87
3.535	112.82
3.545	112.39
3.555	110.7
3.775	117
3.785	116.8
3.795	116.26
3.805	116.01
3.815	115.72
3.825	115.19
3.835	116.07
3.845	116.36
3.855	116.7
3.865	115.54
3.875	115.34
3.885	114.29
3.895	113.94
3.905	112.21
3.915	107.32
3.925	107.64
3.935	107.82
3.945	106.75
3.955	106.47
3.965	105.11
3.975	106.85
3.985	106.31
3.995	107.79
4.005	107.61
4.015	105.72
4.025	103.32
4.035	103.77
4.045	104.37
4.055	101.91
4.065	101.3
4.075	101.84
4.085	101.54
4.095	103.71
4.105	101.46
4.115	97.79
4.125	99.49
4.135	102.46
4.145	110.81
4.175	120.17
4.185	121.05
4.195	122.89
4.205	124.95
4.215	126.14
4.225	127.39
4.235	140.15
4.245	123.02
4.255	126.3
4.265	126.88
4.275	127.01
4.285	123.71
4.295	124.07
4.305	123.47
4.315	123.27
4.325	125.81
4.335	131.22
4.345	131.17
4.355	128.54
4.365	127.76
4.375	126.82
4.385	125.3
4.395	129.63
4.405	134.73
4.415	129.29
4.425	125.56
5.305	127.75
5.315	126.66
5.325	126.62
5.335	125.64
5.345	108.74
5.355	101.27
5.365	101.22
5.375	101.32
5.385	101.41
5.395	103.21
5.405	103.89
5.415	101.19
5.425	94.17
5.435	95.18
5.445	95.12
5.475	93.15
5.485	93.65
5.495	94.58
5.545	115.52
5.555	112.06
5.565	109.62
5.575	104.87
5.585	103.16
5.595	103.79
5.605	106.12
5.615	105.78
5.625	102.01
5.635	95.43
5.645	94.45
5.655	101
5.665	102.09
5.675	103.35
5.685	111.02
5.695	113.67
5.705	115.25
5.715	111.97
5.725	109.75
5.735	112.29
5.745	113.62
5.755	116.62
5.765	116.18
5.775	116.15
5.785	117.77
5.795	119.41
5.805	120.12
5.815	122.39
5.825	120.7
5.835	117.88
5.845	118.23
5.855	118.57
5.865	117.15
5.875	116.11
5.885	114.24
5.895	114.31
5.905	112.9
5.915	113.08
5.925	110.77
5.935	120.1
5.945	119.97
6.115	125.1
6.125	121.12
6.135	120.91
6.145	118.9
6.155	115.4
6.165	114.9
6.175	114.86
6.185	114.61
6.195	115.36
6.205	116.53
6.215	116.48
6.225	115.58
6.235	117.91
6.245	115.12
6.255	115.44
6.265	115.45
6.275	113.82
6.315	124.1
6.325	139.45
6.335	127.26
6.345	124.55
6.355	126.68
6.365	129.81
6.375	126.18
6.385	125.55
6.395	127.49
6.405	127.1
6.415	127.02
6.425	124.56
6.435	125.05
6.445	127.6
6.455	126.83
6.465	124.78
7.605	93.8
7.615	93.98
7.625	96.13
7.635	96.49
7.645	97.05
7.655	96.16
7.665	96.49
7.675	96.75
7.685	96.91
7.695	95.81
7.705	99.96
7.715	99.81
7.725	99.54
7.735	99.44
7.745	101.31
7.755	102.8
7.765	105.75
7.775	107
7.785	106.2
7.795	105.24
7.805	106.43
7.815	106.3
7.825	106.94
7.835	107.5
7.845	107.32
7.855	105.87
7.905	140.7
7.915	138.04
7.925	131.58
7.935	137.52
7.945	116.77
7.955	114.91
7.965	113.33
7.975	115.27
7.985	115.91
7.995	113.86
8.005	114.87
8.015	114.03
8.025	115.33
8.035	116.17
8.045	117.64
8.055	116.87
8.065	114.32
8.075	115.8
8.085	115.77
8.125	122.19
8.135	124.86
8.145	117.61
8.155	111.73
8.165	110.1
8.175	108.8
8.185	107.42
8.195	107.53
8.205	106.96
8.215	107.61
8.225	107.33
8.235	106.63
8.245	107.37
8.355	99.05
8.365	103.03
8.395	120.2
8.405	102.36
8.415	99.56
8.425	101.45
8.435	100.06
8.445	96.36
8.455	105.05
8.465	103.23
8.475	99.57
9.775	140.06
9.785	123.09
9.795	119.03
9.805	128.41
10.225	114.98
10.235	115.39
10.245	115.29
10.365	110.83
10.375	108.54
10.385	104.17
10.395	105.13
10.405	104.21
10.545	95.39
10.555	97.37
11.685	137.01
11.695	137.33
11.705	137.51
11.775	76.47
11.785	75.84
11.795	91.47
11.805	89.72
11.815	87.77
12.225	102.05
12.235	99.69
12.245	97.14
12.255	100.34
12.265	98.17
12.275	98.1
12.285	99.24
12.295	99.07
12.305	98.5
12.315	97.17
12.325	102.1
12.335	107.64
12.345	113.06
12.355	92.79
12.365	89.92
12.375	91.42
12.385	92.63
12.395	90.87
12.405	91.36
12.415	92.51
12.425	91.63
12.435	91.97
12.445	92.6
12.455	90.7
12.465	92.18
12.475	92.36
12.485	94.55
12.935	118.26
12.945	117.77
12.955	115.59
12.965	113.28
12.975	110.48
12.985	107.75
12.995	105.72
13.005	103.97
13.015	103.65
13.285	123.93
13.295	121.09
13.305	120.83
13.315	120.74
13.325	120.71
13.335	117.91
13.345	117.07
13.355	113.45
13.365	113.19
13.375	120.48
13.385	117.57
13.395	117.18
13.785	90.61
13.795	91.26
13.805	90.39
13.845	87.19
13.855	89.72
13.865	90.78
13.885	127.39
13.895	133.91
13.905	138.78
13.915	140.53
13.925	141.28
13.935	143.46
13.945	141.23
13.955	134.62
13.965	138.38
13.975	142.78
13.985	152.88
13.995	158.23
14.005	145.66
14.015	142.07
14.025	144.36
14.035	144.84
14.045	143.05
14.055	143.32
14.065	141.47
14.105	73.26
14.115	73.62
14.125	79.45
15.115	112.78
15.125	112.43
15.135	111.45
15.145	107.17
15.155	102.38
15.165	102.5
15.175	102.1
15.185	99.4
15.195	93.85
15.205	93.7
15.215	93.38
15.225	92.07
15.235	92.05
15.245	92.75
15.255	91.98
15.265	92.46
15.275	92.76
15.285	92.13
15.295	92.38
15.305	93.19
15.315	92.28
15.325	93.17
15.335	115.32
15.385	98.37
15.395	99.16
15.405	103.26
15.415	102.88
15.425	101.25
15.435	102.43
15.445	102.17
15.455	103.3
15.465	103.82
15.475	104.18
15.485	104.76
15.495	105.22
15.505	105.16
15.515	105.53
15.525	107.52
15.535	109.65
15.545	111.12
15.555	114.36
15.565	115.54
15.575	113.17
15.585	115.13
15.595	118.97
15.605	121.69
15.615	125.01
15.625	124.62
15.635	123.2
15.645	122.49
15.655	123.68
15.665	126.35
15.675	127.39
15.685	128.61
15.695	130.52
15.705	131.12
15.715	129.05
15.725	131.4
15.735	134.17
15.745	131.02
15.755	128.77
15.765	131.99
15.775	129.26
15.785	129.02
15.795	131.4
15.805	135.89
15.815	129.19
15.825	135.63
15.835	134.03
15.845	124.37
16.825	97.95
16.835	99.17
16.845	97.96
16.855	94.63
16.865	86.25
17.055	114.03
17.065	113.25
17.075	109.42
17.085	108.59
17.095	105.83
17.105	103.03
17.115	103.82
17.125	105.53
17.135	103.99
17.145	105.36
17.155	101.59
17.165	100.76
17.175	103.65
17.185	107.07
17.245	105.81
17.255	100.27
17.265	100.19
17.275	100.42
17.325	117.58
17.335	116.29
17.345	115.42
17.355	115.39
17.365	115.02
17.375	115.74
17.385	115.89
17.395	115.25
17.405	115.95
17.415	117.16
17.425	118.15
17.435	119.67
17.445	121.98
17.455	123.85
17.465	122.58
17.475	123.13
17.485	127.29
17.495	130.34
17.505	130.59
17.515	129.63
17.525	128.29
17.535	128.25
17.545	126.74
17.555	125.81
17.565	129.55
17.575	128.46
17.585	129.4
17.595	129.92
17.605	123.47
17.615	117.14
17.625	114.36
17.635	113.68
17.645	113.28
17.655	117.09
17.665	114.14
17.675	110.7
17.685	111.06
18.775	93.04
18.785	93.54
18.795	94.14
18.805	92.03
18.815	95.08
18.825	91.26
18.865	89.76
18.875	87.63
19.235	105.72
19.245	105.67
19.255	105.87
19.265	106.73
19.275	106.13
19.285	104.53
19.375	99.58
19.385	102.53
19.395	102.95
19.405	103.04
19.415	102.54
19.425	102.17
19.435	102.88
19.445	102.92
19.455	103.32
19.465	104.15
19.475	104.52
19.485	103.15
19.495	103.16
19.505	102.91
19.515	101.99
19.525	102.9
19.535	103.74
19.545	102.84
19.555	100.86
19.565	103.3
19.575	119.08
19.605	108.99
19.615	105.58
19.625	103.86
19.635	103.64
19.645	101.61
19.655	100.98
19.665	101.76
19.675	102.13
19.685	99.96
19.695	99.14
19.705	102.96
19.715	102.89
19.725	102.17
19.735	103.45
19.745	104.39
19.755	97.15
19.765	92.46
19.775	110.54
19.785	103.02
19.795	99.07
19.865	102.57
19.875	100.74
19.885	101.27
19.895	101.43
19.905	100.55
19.915	100.12
19.925	100.02
19.935	99.34
19.945	103.78
19.965	97.99
19.975	93.09
19.985	96.78
19.995	105.12
20.855	116.73
20.865	116.69
20.875	116.64
21.005	86.64
21.015	84.1
21.025	77.66
21.035	79.73
21.135	99.34
21.145	99.45
21.155	99.62
21.165	100.38
21.175	100.07
21.255	96.84
21.265	96.78
21.275	96.79
21.285	96.57
21.295	99.49
21.305	99.69
21.315	99.35
21.635	114.04
21.645	115.16
22.085	94.18
22.465	154.5
22.475	154.69
22.485	116.36
22.495	118.02
22.505	121.09
22.515	122.64
22.525	120.67
22.535	119.88
22.545	119.58
22.555	120.87
22.565	122.78
22.575	122.46
22.585	123.19
22.595	123.19
22.605	120.03
22.615	122.13
22.625	127.72
22.635	129.52
22.645	125.9
22.655	113.81
23.795	99.83
23.805	100.03
23.815	99.65
23.825	98.56
23.835	95.63
23.845	93.48
23.855	92.73
23.865	92.27
24.205	75.8
24.215	94.6
24.225	99.92
24.235	99.71
24.275	95.87
24.285	90.33
24.495	91.8
24.505	93.26
24.515	94.76
24.525	94.66
24.535	94.82
24.545	93.29
24.585	93.53
24.595	92.69
24.745	116.08
24.755	114.5
24.765	114.31
24.775	111.84
24.785	109.35
24.795	107.28
24.805	106.89
24.815	107.27
24.825	107.25
24.835	103.78
24.845	102.9
24.935	103.1
25.095	97.51
25.105	98.04
25.115	98.65
25.125	98.03
25.135	97.12
25.145	96.79
25.155	96.85
25.165	97.39
25.175	98.66
25.185	98.38
25.195	101.71
25.205	98.03
25.215	98.5
25.225	99.11
25.235	99.38
25.245	98.67
25.255	95.75
25.265	94.99
25.275	95.11
25.285	95.36
25.295	95.37
25.305	95.18
25.315	95.51
25.325	94.85
25.335	95.81
25.345	97.69
25.355	95.41
25.365	94.33
25.375	93.7
25.465	156.54
25.475	157.92
25.535	95.09
25.545	95.16
25.555	97.28
25.565	96.24
25.575	97.41
25.625	122.58
25.635	122.89
25.645	122.9
25.655	121.77
25.665	119.7
25.675	118.21
25.685	118.21
25.695	117.27
25.705	115.84
25.715	114.71
25.725	115.77
25.735	118.02
25.745	114.44
25.755	94.82
25.765	91.46
25.775	91.82
25.935	92.28
25.945	92.54
25.955	93.07
25.965	92.12
25.975	92.43
25.985	95.34
25.995	97.48
26.005	94.47
26.015	94.17
26.025	94.06
26.185	105.42
26.195	106.28
26.205	107.21
26.215	106.73
26.225	106.37
26.235	106.65
26.245	106.8
26.255	107.16
26.265	107.91
26.275	106.48
26.285	108.78
26.295	110.26
26.365	106.04
26.375	104.13
26.385	101.95
26.395	102.9
26.405	104.34
26.415	106.94
26.425	107.91
26.435	107.93
26.445	108.08
26.455	108.12
26.465	108.16
26.475	105.19
26.595	98.32
26.605	101.59
26.615	108.26
26.875	122.98
26.885	118.94
26.895	119.69
26.905	126.1
26.915	88.38
26.925	89.09
26.935	93.18
26.945	88.64
26.955	83.5
26.965	82.3
26.975	84.64
27.065	100.62
27.075	102.41
27.085	99.2
27.095	100.07
27.105	100.9
27.115	101.16
27.125	101.16
27.135	101.36
27.145	101.53
27.155	101.15
27.165	102.2
27.175	101.19
27.185	101.85
27.195	102.29
27.205	102.68
27.215	103.39
27.225	103.29
27.235	103.09
27.245	103.13
27.255	101.05
27.265	101.62
27.275	101.65
27.285	102.25
29.345	113.29
29.355	107.38
29.365	101.03
29.375	103.35
29.385	104.5
29.395	103.86
29.405	101.13
29.415	100.99
29.425	100.96
29.435	101.25
29.445	100.4
29.455	100.37
29.465	100.18
29.475	101.74
29.485	101.41
29.495	100.5
29.505	99.32
29.515	98.75
29.525	99.19
29.535	100.08
29.545	102.75
29.555	103.21
29.565	99.24
29.575	97.55
29.585	97.09
29.595	96.19
29.605	94.03
29.615	94.29
29.625	93.59
29.635	93.74
29.645	92.8
29.655	92.95
29.665	93.19
29.675	93.6
29.685	93.81
29.695	92.12
29.705	92.9
29.715	93.38
29.725	92.8
29.735	92.8
29.745	92.73
29.755	92.23
29.765	92.24
29.775	91.92
29.785	90.81
29.795	90.96
29.805	92.45
29.815	92.12
31.075	123.48
31.085	123.3
31.095	122.4
31.105	116.83
31.115	113.64
31.125	112.08
31.135	114.2
31.145	108.95
31.155	111.67
31.165	112.46
31.175	113.98
31.355	127.31
31.365	119.53
31.375	114.68
31.385	113.61
31.395	109.23
31.405	105.2
31.415	109.17
31.425	112.66
31.435	111.12
31.445	116.84
31.455	118.59
31.465	117.96
31.475	117.65
31.485	116.98
31.495	115.77
31.505	114.76
31.515	113.05
31.525	112.46
31.535	112.34
31.545	111.66
31.555	108.83
31.565	108.13
31.575	109.71
31.585	112.04
31.595	113.56
31.605	113.4
31.615	114.94
31.625	112.98
31.635	111.77
31.645	109.51
31.655	107.51
31.725	116.66
31.735	117.82
31.745	116.53
31.755	115.87
31.815	149.47
31.825	153.16
31.835	152.02
31.985	111.31
31.995	108.07
32.005	105.21
32.015	105.42
32.025	103.87
32.035	105.57
32.045	105.17
32.055	101.59
32.065	102.54
32.115	94.52
32.125	98.15
32.245	145.03
32.255	150.11
32.265	151.9
32.275	153.77
32.325	88.65
32.335	88.58
32.345	92.25
32.355	95.28
32.365	96.33
32.375	92.54
32.385	91.42
32.425	131.8
32.435	132.54
32.445	133.21
32.455	133.23
32.465	132.7
32.475	129.74
32.485	129.05
32.495	129.79
32.505	128.76
32.515	126.03
32.525	119.44
32.535	115.62
32.545	114.65
32.555	115.13
32.755	91.75
32.765	91.65
32.775	91.76
32.785	92.23
32.795	92.74
32.805	92.84
32.815	93.29
32.825	93.4
32.835	93.25
32.845	93.75
32.855	93.31
32.865	93.81
32.875	93.65
32.885	92.45
32.895	91.89
32.905	92
32.915	93.35
32.925	92.96
32.935	92.49
32.945	92.54
32.955	91.69
32.965	93.35
32.975	93.25
33.145	127.72
33.155	128.12
33.165	130.05
34.345	90.34
34.355	93.91
34.365	94.9
34.375	93.91
34.385	92.79
34.395	93.04
34.405	92.59
34.415	92.07
34.425	91.95
34.435	92.53
34.445	91.92
34.455	91.9
34.465	92.13
34.475	91.99
34.485	91.93
34.495	92.41
34.505	91.59
34.515	91.07
34.525	87.19
35.075	115.38
35.085	113.18
35.095	111.57
35.105	106.98
35.115	104.34
35.125	105.54
35.135	107.91
35.145	110.87
35.155	106.51
35.165	106.64
35.175	109.75
35.185	110.29
35.215	90
35.225	90.77
35.235	92.21
35.245	94.53
35.255	94.12
35.265	91.78
35.335	74.45
35.345	77.45
35.355	77.98
35.365	78.02
35.375	76.57
35.385	76.36
35.395	76.54
35.405	77.03
35.415	84.2
35.425	81.52
35.435	77.05
35.445	84.56
35.455	84.83
35.465	79.34
35.475	79.19
35.485	78.91
35.495	85.5
35.505	84.58
35.515	79.03
35.525	79.75
35.535	80.74
35.545	83.86
35.555	84.52
35.565	77.92
35.575	81.5
35.585	81.24
35.595	81.22
35.605	84.01
35.615	81.05
35.625	79.36
35.635	83.59
35.645	82.42
35.655	80.74
35.665	77.7
35.675	85.74
35.685	89.99
35.695	78.1
35.705	77.46
35.895	94.4
35.905	94.26
35.915	73.5
36.095	110.75
36.105	110.73
36.125	111.03
36.135	108.1
36.145	106.73
36.155	108.12
36.165	109.34
36.175	111.92
36.185	114.11
36.195	115.34
36.205	116.45
36.215	117.63
36.225	117.77
36.235	118.88
36.245	121.02
36.255	123.74
36.265	125.02
36.275	124.59
36.285	126.69
36.295	129.82
36.305	128.7
36.315	128.61
36.325	128.66
36.335	129.08
36.345	129.44
36.355	129.4
36.365	131.43
36.375	132.55
36.385	131.58
36.395	130.66
36.405	127.38
36.415	126.3
36.425	127.81
36.925	77.77
36.935	78.78
36.975	115.97
36.985	113.66
36.995	107.99
37.005	106.77
37.015	105.09
37.025	103.77
37.035	104.84
37.045	106.34
37.055	99.28
37.065	95.37
37.075	94.07
37.085	93
37.095	95.53
37.105	98.42
37.115	96.31
37.125	91.59
37.135	109.1
37.145	109.4
37.155	111.49
37.165	113.92
37.175	115.12
37.185	116.02
37.195	115.98
37.205	116.81
37.215	95.27
37.225	94.92
37.235	76.82
37.245	75.78
37.255	75.95
37.395	89.7
37.405	88.91
37.415	91.6
37.425	75.01
37.435	74.72
37.445	77.48
37.635	95.29
37.645	93.26
37.655	92.35
37.665	91.14
37.675	89.74
37.685	139.68
37.695	140.12
37.705	141.29
37.725	89.79
37.735	91.2
37.835	143.08
37.845	139.38
37.855	140.03
37.865	127.12
37.875	119.76
37.885	117.86
37.895	126.14
37.905	135.47
37.915	136.11
38.505	83.23
38.515	81.01
38.525	113.28
38.535	110.74
38.545	99.2
38.555	97.87
38.565	92.64
38.575	104.78
38.665	111.66
38.675	112.24
38.805	108.4
38.815	105.2
38.825	105.34
38.835	104.94
38.845	102.77
38.855	102.72
38.865	99.66
38.895	96.67
38.905	90.97
38.915	90.96
38.925	91.8
38.935	92.95
38.945	92.05
38.955	91.52
38.965	91.59
38.975	91.01
38.985	120.43
38.995	116.47
39.005	92.54
39.015	91.29
39.025	91.23
39.035	90.63
39.045	90.96
39.055	90.74
39.065	89.99
39.155	128.94
39.165	127
39.175	127.34
39.185	128.36
39.195	131.04
39.205	130.32
39.215	127.6
39.225	133.77
39.235	133.36
39.245	130.17
39.255	132.37
39.265	132.11
39.275	124.95
39.285	128.74
39.295	131.01
39.305	133.69
39.315	130.33
39.325	127.26
39.335	129.11
39.635	91.41
39.645	92.71
39.655	92.54
39.665	91.42
39.675	92.22
39.685	91.86
39.775	92.13
39.785	91.19
39.795	91.31
39.805	90.68
39.815	85.83
39.825	89.89
39.835	91.92
40.555	110.91
40.565	108.3
40.575	102.56
40.585	105.16
40.595	104.35
40.605	101.94
40.615	100.56
40.625	99.94
40.635	100.59
40.645	101.2
40.655	101.42
40.665	101.61
40.675	101.5
40.685	102.17
40.695	101.96
40.705	96.89
40.715	105.95
40.725	106.58
40.735	103.99
40.745	103.06
40.755	102.9
40.765	101.5
40.775	100.02
40.785	99.18
40.795	95.9
40.805	94.38
40.815	94.06
40.825	94.19
40.835	93.21
40.845	94.86
40.855	94.48
40.865	94.63
40.875	93.34
40.885	94.38
40.895	98.44
40.905	102.72
40.915	97.57
40.955	102.57
40.965	99.54
40.975	102.5
40.985	102.75
40.995	95.83
41.005	98.71
41.015	104.38
41.275	88.17
41.285	87.01
41.295	84.11
41.305	84.37
41.315	87.91
41.355	85.38
41.365	89.63
41.575	105.43
41.585	100.72
41.595	100.65
41.605	101.13
41.615	100.12
41.625	100.39
41.635	101.55
41.645	101.54
41.655	101.38
41.665	101.89
41.675	102.43
41.685	103.1
41.695	103.07
41.705	104.63
41.715	105.03
41.725	105.58
41.735	108.36
41.745	111.46
41.755	110.84
41.765	109.66
41.775	107.41
41.785	105.14
41.795	104.65
41.805	104.31
41.815	103.89
41.825	102.84
41.835	101.26
41.885	105.45
41.895	114.47
41.905	115.89
41.915	110.38
41.925	103.02
41.935	106.39
41.945	108.71
41.955	105.58
41.965	108.06
41.975	109.58
41.985	100.9
41.995	104.91
42.005	108.45
42.015	108.41
42.025	107.93
42.035	107.89
42.045	107.69
42.055	106.96
42.065	106.08
42.075	106.61
42.085	106.51
42.095	106.14
42.105	105.99
42.115	104.79
42.125	104.2
42.135	105.23
42.145	105.38
42.155	105.63
42.165	106.46
42.175	105.18
42.185	105.59
42.195	105.56
42.205	104.36
42.215	105.39
42.225	105.52
42.235	105.46
42.245	105.59
42.255	105.71
42.265	103.67
42.275	103.39
42.655	109.35
42.665	110.33
42.675	113.21
42.685	113.07
42.695	112.04
42.705	109.73
42.715	107.2
42.725	106.69
42.735	104.24
43.005	96.99
43.015	97.55
43.025	97.15
43.035	97.12
43.045	96.13
43.055	95.4
43.065	94.12
43.075	92.51
43.085	91.31
43.095	90.07
43.105	89.41
43.115	90.02
43.235	108.86
43.245	103.06
43.255	107.04
43.265	108.04
43.275	104.87
43.285	105.78
43.295	104.67
43.305	104.19
43.315	104.82
43.325	105.4
43.335	106.19
43.345	106.19
43.355	106.57
43.365	108.12
43.375	109.2
43.385	108.99
43.395	110.49
43.405	112.46
43.415	111.7
43.425	111.72
43.435	113.97
43.445	113.41
43.455	112.95
43.465	112.8
43.475	110.96
43.485	108.43
43.495	106.75
43.505	108.09
43.515	107.6
43.525	107.56
43.535	104.88
43.545	103.25
43.555	106.32
43.565	106.1
43.575	96.49
43.585	97.93
43.595	100.14
43.605	101.1
43.615	104.6
43.625	104.49
43.635	102.1
43.645	103.17
43.655	101.77
43.665	101.52
43.695	102.12
43.705	99.06
43.715	99.57
43.725	101.84
43.735	101.08
43.745	103.34
43.755	105.07
43.765	102.35
43.775	102.3
43.785	103.01
43.795	102.5
43.805	100.18
43.815	106.05
44.935	81.67
44.945	91.21
44.955	92.92
44.965	94.04
44.975	93.93
44.985	93.86
44.995	93.36
45.005	91.68
45.015	93.83
45.025	95.64
45.035	94.3
45.045	91.46
45.055	94.63
45.065	98.8
45.075	100.29
45.085	98.13
45.095	96.42
45.105	92.12
45.115	88.68
45.145	86.53
45.155	90.38
45.165	90.64
45.555	109.97
45.565	108.17
45.575	105.62
45.585	104.31
45.595	103.83
45.605	104.29
45.615	103.52
45.625	103.37
45.635	104.1
45.645	103.98
45.655	103.92
45.665	104.69
45.675	105.29
45.685	105.67
45.695	105.77
45.705	106.57
45.715	106.26
45.725	105.97
45.735	106.4
45.745	105.73
45.755	105.22
45.765	107.52
45.775	107.86
45.785	99.89
45.795	100.05
45.805	108.12
45.815	110.22
45.825	109.63
45.835	102.51
45.845	102.08
45.855	105.1
45.865	117.71
45.875	117.06
45.885	109.46
45.915	90.51
45.925	99.89
45.935	99.35
46.015	152.64
46.025	158.05
46.035	155.55
46.135	134.53
46.145	133.68
46.155	135.6
46.165	136.89
46.175	140.26
46.185	132.76
46.195	133.89
46.205	140.1
46.215	149.17
46.225	116.98
46.235	119.01
46.245	120.89
46.255	119.32
46.265	153.48
46.275	150.52
46.375	110.97
46.385	113.55
46.445	120.64
46.455	121.63
46.465	125.6
46.475	122.56
46.485	118.2
46.505	123.87
46.515	114.18
46.525	112.31
46.535	115.15
46.545	113.32
46.995	90.17
47.005	92.25
47.035	93.61
47.045	96.36
47.055	97.71
47.065	96.58
47.075	100.19
47.085	98.27
47.095	95.56
47.105	98.53
47.115	102.26
47.135	110.08
47.145	111.15
47.155	109.27
47.165	108.46
47.175	109.18
47.185	106.9
47.195	104.76
47.205	102.35
47.235	95.95
47.245	96.39
47.255	92.07
47.265	94.41
47.275	93.24
47.285	93.12
47.295	95.23
47.305	94.43
47.315	94.33
47.325	94.81
47.335	94.36
49.175	90.26
49.185	91.45
49.415	111.34
49.425	110.36
49.435	111.6
49.445	114.35
49.455	116.19
49.465	118.62
49.475	121.67
49.485	123.48
49.495	125.39
49.505	125.49
49.515	123.26
49.525	121.14
49.535	121.15
49.545	124.14
49.555	124.53
49.565	124.9
49.575	124.09
49.585	124.02
49.595	123.38
49.605	121.87
49.615	124.04
49.695	104.02
49.705	105.74
49.715	108.6
49.725	107.21
49.735	107.51
49.745	107.14
49.755	107.56
49.765	106.75
49.775	105.89
49.785	107.7
49.795	109.16
49.835	105.4
49.845	113.99
49.855	112.51
49.865	103.96
49.875	105.48
49.885	103.83
49.895	103.28
49.905	103.37
49.915	100.96
49.925	100.75
49.935	100.89
49.945	102.53
49.955	100.46
49.965	100.48
49.975	99.47
49.985	99.36
49.995	105.85
50.075	115.46
50.085	116.11
50.125	109.49
50.135	109.33
50.145	102.26
50.155	109.58
50.165	109
50.175	103.78
50.185	102.69
51.445	146.18
51.455	145.26
51.475	133.56
51.485	133.53
51.495	112.8
51.505	104.01
51.515	104.23
51.525	104.58
51.535	103.46
51.545	103.74
51.555	104.23
51.565	101.43
51.575	102.44
51.585	102.78
51.595	101.38
51.605	100.34
51.615	100.6
51.625	102.28
51.635	101.27
51.645	100.35
51.655	100.46
51.665	100.09
51.675	100.04
51.685	99.64
51.695	99.73
51.705	100.68
51.715	97.25
51.845	126.97
51.855	94.21
51.865	91.39
51.895	120.84
51.905	102.54
51.915	98.04
51.925	94.11
51.975	137.87
51.985	141.12
51.995	129.24
52.005	123.8
52.015	138.84
52.025	130.57
52.035	129.72
52.045	135.16
52.055	121.52
52.065	125.98
52.075	126.56
52.085	89.79
52.095	113.38
52.105	98.59
52.115	107.41
52.125	114.85
52.135	105.66
52.145	108.71
52.155	119.31
52.165	123.58
52.175	117.01
52.185	116.47
52.195	120.78
52.205	126.13
52.215	124.95
52.225	87.81
52.235	85.23
52.245	119.76
52.255	113.83
52.265	107.93
52.275	93.76
52.285	98.04
52.295	102.74
52.305	110.97
52.315	100.46
52.325	98.99
52.335	96.14
52.365	102.89
52.375	102.58
52.385	99.99
52.395	100.13
54.215	127.21
54.225	126.4
54.235	124.86
54.245	123.62
54.255	122.37
54.265	121.1
54.275	118.65
54.285	116.15
54.295	109.03
54.305	111.38
54.315	111.51
54.325	111.61
54.335	105.41
54.345	107.16
54.355	102.44
54.365	100.98
54.375	103.28
54.385	104.16
54.395	103.12
54.405	101.92
54.415	103.71
54.425	100.32
54.435	111.33
54.445	112.54
54.455	85.93
54.465	117.86
54.475	115.98
54.485	88.15
54.495	109.15
54.505	127.93
54.515	134.26
54.525	121.75
54.535	112.41
54.655	82.51
54.665	79.8
54.675	78.95
54.685	79.67
54.695	79.14
54.705	81.03
54.715	81.1
54.725	78.36
54.735	87.64
54.745	87.71
54.805	102.17
54.815	101.41
54.825	100.56
54.865	97.04
54.875	97.17
54.885	97.64
54.945	114.42
54.955	114.38
54.965	115.41
54.975	115.44
54.985	115.17
54.995	116.51
55.005	116.6
55.015	115.76
55.025	117.21
55.035	115.41
55.045	115.93
55.055	115.76
55.225	100.1
55.235	96.13
55.245	92.52
55.255	89.89
55.265	91.05
55.275	93.86
55.285	91.44
55.295	86.87
55.305	88.24
55.315	93.19
55.325	91.81
55.335	90.61
55.395	85.62
55.405	85.26
55.415	88.36
55.425	85.43
55.435	86.56
55.445	86.69
55.495	132.76
55.505	129.88
55.515	124.77
55.525	121.6
55.535	122.12
55.545	120.46
55.555	117.74
55.565	121.49
55.575	125.15
55.585	127.19
55.595	123.84
55.605	123.41
55.615	117.86
55.695	123.66
55.705	121.75
55.715	121.17
55.725	121.17
55.735	141.28
55.745	146.69
56.015	141.43
56.025	144.38
56.035	125.25
56.045	125.92
56.055	126.45
56.245	128.18
56.255	132.39
56.265	136.55
56.325	90.77
56.335	91.52
56.345	92.54
56.355	89.91
56.365	89
56.375	90.28
56.385	89.66
56.395	89.36
56.405	89.63
56.415	90.48
56.425	88.99
56.455	109.25
56.465	109.69
56.475	108.99
56.485	106.09
56.495	103.55
56.505	103.91
56.515	105.86
56.525	114.23
56.535	107.27
56.545	102.62
56.555	103.39
56.585	109.18
56.595	102.54
56.605	101.04
56.615	103.19
56.625	104.01
56.635	107.32
56.815	122.74
56.825	115.63
56.835	112.28
56.845	110.61
56.855	107.49
56.865	107.08
56.875	107.24
56.885	108.69
56.895	107.38
56.905	108.01
56.915	107.62
56.925	106.93
56.935	106.71
56.995	106.82
57.005	107.17
57.015	109.33
57.025	109.2
57.035	109.25
57.045	109.28
57.055	118.74
57.065	113.31
57.075	112.74
57.085	116.7
57.095	117.78
57.105	109.94
57.115	103.89
57.125	110.72
57.135	110.39
57.145	103.51
57.155	102.06
57.165	103.19
57.175	100.21
57.185	102.74
57.195	104.95
57.205	99.89
57.215	100.87
57.225	102.36
57.235	104.67
57.245	104.97
57.735	117.83
57.745	108.99
57.755	105.38
57.765	105.43
57.775	104.16
57.785	102.71
57.795	104.01
57.805	101.76
57.815	100.45
57.825	99.98
57.835	99.93
57.845	98.3
57.855	98.98
57.865	98.89
57.875	98.59
57.885	99.94
57.895	100.34
57.905	100.38
57.915	98.91
57.925	98.47
57.935	99.29
57.945	100.2
57.955	99.76
57.965	98.4
57.975	97.36
57.985	101.94
57.995	101.86
58.005	101.36
58.015	101.57
58.025	101.4
58.035	102.9
58.045	104.54
58.055	103.92
58.065	95.94
58.075	95.99
58.085	102.89
58.975	104.13
58.985	96.66
58.995	99.31
59.005	101.25
59.015	98.11
59.025	97.44
59.035	96.81
59.045	96.1
59.055	94.5
59.065	93.42
59.075	92.72
59.085	91.81
59.095	91.37
59.105	91.19
59.115	89.28
59.125	90.38
59.155	91.88
59.165	91.34
59.175	92.85
59.185	90.53
59.195	90.82
59.205	90.24
59.215	90.8
59.725	140.08
59.735	140.65
59.845	117.31
59.855	119.04
59.985	117.94
59.995	114.2
60.005	94.37
60.015	93.78
61.355	154.67
61.385	115
61.395	110.54
61.405	111.27
61.415	109.75
61.425	99.99
61.435	98.12
61.445	99.18
61.455	99.51
61.465	100.43
61.475	97.73
61.485	96.71
61.495	95.38
61.505	94.7
61.515	95.47
61.545	113.22
61.555	113.72
61.565	113.07
61.575	105.2
61.585	111.26
61.595	104.65
61.605	109.76
61.615	120.38
61.625	126.76
61.865	106.64
61.875	108.01
61.885	108.08
61.895	105.94
61.905	104.08
61.915	107.95
61.925	106.84
61.935	106.52
61.945	107.19
61.955	109.39
61.965	110.07
61.975	110.56
61.985	108.58
61.995	109.69
62.005	110.38
62.015	108.49
62.025	107.75
62.035	106.93
62.045	105.24
62.055	104.47
62.065	103.96
62.075	104.08
62.085	104.31
62.095	101.74
62.105	97.46
62.115	97.75
62.125	101.25
62.135	101.53
62.145	98.31
62.155	98.25
62.165	99.73
62.175	99.73
62.185	100.28
62.195	101.04
62.205	102.93
62.215	104.09
62.225	104.42
62.235	105.27
62.245	104.95
62.255	104.72
62.265	104.45
62.275	104.76
62.285	105.22
62.295	103.86
62.305	103.28
62.315	102.4
62.325	102.06
62.335	102.19
62.345	102.28
62.355	101.49
62.365	100.11
62.375	103.33
62.385	101.95
62.395	101.19
62.405	99.91
62.415	104.88
62.425	105.11
62.435	103.73
62.445	103.24
62.455	104.28
62.465	102.48
62.475	102.81
62.485	107.98
63.075	142.68
63.085	123.06
63.095	118.14
63.105	118.13
63.115	122.13
63.125	121.79
63.135	123.61
63.145	90.82
63.155	90.32
63.165	88.88
63.685	100.29
63.695	99.41
63.705	94.39
63.715	116.09
63.725	113.49
63.735	106.8
63.745	104.4
63.755	104.1
63.765	105.88
63.775	104.48
63.785	105.14
63.795	102.64
63.805	101.71
63.815	102.55
63.825	97.19
63.835	96.73
63.845	98.47
63.855	97.34
63.865	95.13
63.875	94.94
63.885	96.58
63.895	95.84
63.905	93.94
63.915	97.13
63.925	93.73
63.935	94.11
63.945	94.37
63.955	94.26
63.965	93.36
63.975	90.59
63.985	89.69
63.995	93.29
64.005	94.12
64.015	91.84
64.445	95.29
64.455	93.08
64.465	91.68
64.475	92.56
64.485	92.38
64.495	92.34
64.505	94.57
64.515	93.56
64.525	90.59
64.595	113.19
64.605	115.13
64.615	116.6
64.625	114.34
65.035	102.1
65.045	105.32
65.055	105.63
65.065	106.19
65.075	101.9
65.085	101.71
65.095	103.87
65.105	105.21
65.115	105.35
65.125	105.36
65.305	114.27
65.315	117.73
65.325	119.66
65.335	114.32
65.345	114.99
65.355	90.79
65.365	92.89
65.375	95.42
65.385	92.99
65.395	93.25
65.405	94.7
65.415	100.11
65.425	98.69
65.435	97.92
65.445	100.03
65.455	97.06
65.465	96.33
65.475	97.05
65.485	100.97
65.585	123.51
65.595	107.73
65.605	88.03
65.635	92.99
65.645	92.18
65.655	91.82
65.665	115.21
65.675	94.31
65.685	93.26
65.695	94.15
65.705	95.75
65.715	100.53
65.725	98.93
65.735	98.05
65.745	100.08
65.755	100.25
65.765	100.68
65.775	100.53
65.785	100.08
65.795	99.87
65.805	101.02
65.815	99.88
65.825	99.75
65.835	99.7
65.845	101.56
65.855	104.74
65.865	104.51
65.875	108.09
65.945	88.1
65.955	117.58
65.965	112.65
65.975	113.79
66.105	126.56
66.115	125.02
66.125	91.51
66.135	93.89
66.145	96.12
66.155	94.9
66.165	91.94
66.175	94.85
66.255	95.82
66.265	95.36
66.275	92.24
66.355	101.82
66.365	103.12
66.375	105.5
66.385	105.46
66.395	102.81
66.405	102.09
66.415	100.93
66.425	101.41
66.435	101.55
66.445	102.26
66.455	103.64
66.465	104.21
66.475	104.63
66.485	103.92
66.495	104.04
66.505	104.71
66.515	103.79
66.525	103.14
66.535	102.17
66.545	101.39
66.555	103.34
66.565	101.65
66.575	101.18
66.585	103.75
66.595	104.08
66.605	102.16
66.615	101.72
66.625	103.38
66.655	108.76
66.665	106.55
66.675	104.23
66.685	103.71
66.695	101.37
66.705	100.85
66.715	99.15
66.725	99.89
66.735	101.69
66.745	97.36
66.755	98.49
66.765	98.5
66.775	97.29
66.785	97.36
66.795	96.88
66.805	95.62
66.815	96.96
66.825	96.93
66.835	99.3
66.845	99.34
66.855	99.4
66.865	98.74
66.875	101.32
66.885	96.6
66.895	102.07
66.905	101.86
66.915	99.7
66.925	97.74
66.935	97.5
66.945	98.61
66.955	98.35
66.965	100.07
66.975	106.78
66.985	106.78
66.995	107.77
67.005	100.36
67.015	99.7
67.025	102.54
67.215	92.61
67.225	94.27
67.235	94.59
67.245	93.28
67.255	92.89
67.265	91.92
67.275	92.18
67.285	79.72
67.295	77.46
67.305	92.05
67.315	93.75
67.325	92.88
67.335	90.38
67.345	90.69
67.355	94.29
67.405	90.3
67.415	106.6
67.425	117.21
67.475	93.29
67.485	92.16
67.495	91.89
67.505	92.57
67.515	93.47
67.525	93.44
67.535	93.27
67.545	90.95
67.555	92.2
67.565	91.85
67.625	90.04
67.635	97.14
67.645	92.67
67.655	92.48
67.665	93.63
67.675	91.2
67.685	91.46
67.695	94.73
67.705	93.32
67.715	90.65
67.725	92.08
67.735	94.34
67.745	92.21
67.755	92.5
67.765	96.2
67.905	107.14
67.915	104.6
67.925	106.91
67.935	117.42
67.945	111.54
67.955	111.06
67.965	117.76
67.975	118.45
68.335	118.62
68.345	149.63
68.355	149.08
68.365	147.33
68.375	141.66
68.385	139.52
68.395	139.8
68.765	106.48
68.775	104
68.785	103.46
68.795	103.92
68.805	103.2
68.815	102.7
68.825	102.17
68.835	102.27
68.845	103.03
68.855	103.02
68.865	102.11
68.875	100.88
68.885	100.77
68.895	101.46
68.905	102.04
68.915	101.64
68.925	101.44
68.935	102.55
68.945	102.28
68.955	104.93
68.965	105.83
69.125	106.98
69.135	106.03
69.145	101.56
69.155	101.28
69.165	101.07
69.175	102.9
69.185	102.02
69.195	101.42
69.205	101.14
69.215	103.68
69.225	103.71
69.235	101.69
69.245	101.43
69.255	102.48
69.265	102.02
69.275	102.64
69.285	106.88
69.295	105.08
69.305	100.27
69.315	100.22
69.325	101.44
69.335	104.9
69.345	102.86
69.355	100.05
69.365	101.77
69.375	101.81
69.385	134.55
69.395	120.86
69.405	116.66
69.415	115.37
69.425	114.19
69.435	112.62
69.445	110.21
69.455	108.83
69.465	108.66
69.475	113.48
69.485	106.88
69.495	105.36
69.505	107.54
69.515	103.25
69.525	107.45
69.535	110.7
69.545	115.26
69.615	100.53
69.625	98.98
69.635	100.52
69.645	100.8
69.655	104.88
69.665	104.21
69.675	104.01
69.685	104.94
69.695	105.02
69.705	105.46
69.715	105.91
69.725	105.84
69.735	105.94
69.745	105.79
69.755	105.76
69.765	105.12
69.775	105.87
69.785	105.6
69.795	105.34
69.805	104.84
69.815	105.08
69.825	105.69
69.835	119.11
69.845	121.34
69.855	111.92
69.865	109.07
69.875	108.12
69.885	103.51
69.895	102.98
69.905	105.03
69.915	105.15
69.925	101.36
69.935	102.53
69.945	103.72
69.955	102.95
69.965	102.59
69.975	102.31
69.985	102.09
69.995	102.02
70.005	106.9
70.015	109.24
70.025	93.83
70.035	95.43
70.045	113.45
70.055	112.07
70.065	112.53
70.075	106.24
70.125	119.77
70.135	112.69
70.145	108.04
70.175	128.48
70.185	118.83
70.195	123.51
70.205	130.46
70.215	135.53
70.225	120.37
70.235	128.97
70.245	140.04
70.255	142.54
70.265	145.98
70.295	116.72
70.305	115.69
70.315	115.9
70.325	121.6
70.335	116.51
70.345	107.81
70.355	107.8
70.365	107.17
70.375	104.39
70.385	103.51
70.395	104.72
70.405	105.67
70.415	102.33
70.425	100.01
70.435	100.25
70.445	101.77
70.455	97.99
70.465	104.61
70.475	106.32
70.485	105.32
70.495	105.39
70.505	107.16
70.515	104.61
70.525	104.59
70.535	104.01
70.545	103.9
70.555	104.62
70.565	105.09
70.575	105.09
70.585	105.03
70.595	97.75
70.605	103.91
70.615	105.44
70.625	105.18
70.635	101.76
70.645	101.46
70.655	112.19
70.665	112.35
70.675	108.52
70.685	112.73
70.695	112.32
70.705	103.4
70.715	103.68
70.725	102.37
70.735	102.27
70.745	103.78
70.755	100.85
70.765	103.34
70.775	98.8
70.785	98.3
70.795	100.66
70.805	102.81
70.815	101.92
70.825	101.01
70.835	99.52
70.845	103.74
70.855	105.47
70.865	102.81
70.875	101.35
70.885	104.3
70.895	104.69
70.905	105.34
70.915	107.62
70.925	108.74
70.935	108.74
70.945	108.17
70.955	108.25
70.965	107.4
70.975	105.87
70.985	105.81
70.995	106.79
71.005	106.59
71.015	107.26
71.025	105.75
71.035	106.15
71.045	106.59
71.055	110.52
71.065	111.71
71.075	115.7
71.085	116.15
71.095	103.19
71.105	98.04
71.115	95.47
71.125	102.24
71.135	100.85
71.145	96.98
71.155	103.45
71.165	108.13
71.175	103.26
71.185	103.15
71.195	103.31
71.205	102.42
71.215	111.54
71.225	110.15
71.275	104.04
71.285	104.01
71.665	89.23
71.675	89.21
72.215	105.5
72.225	98.08
72.235	96.72
72.245	100.29
72.255	102.5
72.265	101.15
72.275	98.48
72.285	94.21
72.295	110.74
72.305	110.55
72.315	98.43
72.325	98.32
72.335	95.96
72.345	96.98
72.355	103.71
72.365	102
72.375	100.17
72.385	99.85
72.435	96.08
72.445	96.41
72.455	96.58
72.465	94.52
72.475	94.65
72.485	93.34
72.495	93.28
72.505	98.08
72.515	95.3
72.525	94
72.535	93.78
72.545	92.15
72.555	91.66
72.565	92.62
72.575	92.99
72.585	93.34
72.595	93.1
72.605	91.24
72.615	93.01
72.695	130.68
72.705	129.2
72.715	125.92
72.725	125.61
72.735	125.49
72.745	126.52
72.755	124.43
72.765	121.27
72.775	122.52
72.785	124.27
72.795	123.66
72.805	125.48
72.815	125.71
72.825	126.12
72.835	122.16
72.945	110.1
72.955	109.08
72.965	110.85
72.975	111.96
72.985	110.58
72.995	109.25
73.005	109.97
73.015	109.46
73.025	110.46
73.035	111.44
73.045	114.59
73.055	108.9
73.065	107.91
73.075	112.87
73.085	115.17
73.095	114.39
73.105	110.27
73.715	152.51
73.725	153.91
73.735	155.75
73.845	76.14
73.855	78.05
73.865	93.07
73.875	93.75
73.885	95.29
73.895	96.1
73.905	96.38
73.915	95.19
73.925	95.19
73.935	94.64
73.945	93.8
73.955	93.43
73.965	92.83
73.975	91.89
73.985	92
73.995	92.8
74.005	92.62
74.015	93.2
74.025	92.96
74.035	92.96
74.045	94.12
74.055	94.01
74.105	96.07
74.115	96.89
74.125	98.05
74.135	98.54
74.145	100.56
74.155	101.6
74.165	107.83
74.175	110.25
74.185	114.65
74.195	114.47
74.205	121.48
74.215	123.11
74.225	126.68
74.235	129.99
74.245	134.49
74.255	132.14
74.265	131.15
74.275	132.83
74.285	134.43
74.295	131.42
74.305	132.53
74.315	131.26
74.325	132.31
74.335	129.78
74.345	133.22
74.355	131.79
74.365	134.69
74.375	130.96
74.385	131.73
74.395	125.92
74.455	72.34
74.465	75.08
74.475	80.73
74.515	75.26
74.525	90.58
74.535	75.35
74.545	79.96
74.555	79.59
74.565	74.9
74.575	75.58
74.585	75.93
74.595	76.54
76.465	124.92
76.475	121.14
76.485	114.85
76.495	110.1
76.505	116.71
76.515	112.67
76.525	108.69
76.535	110.51
76.545	114.03
76.555	103.37
76.565	107.19
76.575	108.1
76.635	107.85
76.645	103.31
76.655	100.38
76.665	99.11
76.675	100.32
76.685	105.89
76.695	105.26
76.705	100.8
76.715	99.24
76.725	99.53
76.735	118.68
76.745	117.7
76.755	118.09
76.765	117.4
76.775	118.62
76.785	120.2
76.795	119.7
76.805	119.58
76.815	119.05
76.825	118.88
76.835	117.86
76.845	117.26
76.855	115.63
76.865	114.31
76.875	114.43
76.885	114.34
76.895	113.59
76.905	112.89
76.915	112.59
76.925	112.68
76.935	113.45
76.945	113.42
76.955	112.77
76.965	111.8
76.975	110.97
76.985	111.32
76.995	110.61
77.005	109.96
77.015	110.26
77.025	109.06
77.035	107.8
77.045	105.9
77.055	104.63
77.065	104.64
77.075	104.76
77.085	103.03
77.095	109.12
77.105	108.07
77.115	104.85
77.125	101.76
77.135	100.04
77.275	77
77.285	78.15
77.295	78.31
77.305	76.04
77.315	93.57
77.325	90.22
78.075	94.52
78.085	97.78
78.095	95.59
78.105	98.18
78.115	98.18
78.125	96.08
78.135	97.48
78.145	98.75
78.155	97.05
78.165	104.87
78.175	109.82
78.185	109.68
78.195	110.08
78.205	110.83
78.215	111.34
78.225	111.98
78.235	111.43
78.245	109.98
78.255	110.72
78.265	111.72
78.275	108.73
78.285	107
78.295	108.01
78.305	107.7
78.315	112.01
78.325	112.17
78.335	111.28
78.345	109.05
78.355	107.97
78.365	107.78
78.375	107.22
78.385	107.92
78.395	107.45
78.405	107.3
78.505	140.55
78.515	135.89
78.525	131.69
78.535	128.37
78.545	129.55
78.555	128.86
78.565	129.64
78.575	129.25
78.585	127.46
78.595	124.19
78.605	121.17
78.615	114.29
78.625	112.64
78.635	111.19
78.685	94
78.695	95.01
78.705	93.49
78.715	91.71
78.725	77.87
78.735	78.71
78.745	78.13
78.755	77.17
78.765	76.43
78.775	91.75
78.785	93.45
78.795	92.97
78.805	91.82
78.935	95.46
78.945	98.48
78.955	102.87
78.965	100.56
78.975	100.81
78.985	100.19
78.995	100.85
79.005	101.49
79.015	100.99
79.025	98.53
79.035	98.46
79.045	102
79.055	101.83
79.065	98.89
79.075	98.17
79.085	98.38
79.095	102.91
79.105	103.57
79.115	102.77
79.125	100.88
79.135	99.89
79.145	100.75
79.155	102.27
79.165	102.39
79.175	102.62
79.185	100.89
79.195	102.33
79.205	103.3
79.215	103.76
79.225	104.32
79.235	105.69
79.245	107.62
79.255	107.03
79.265	106.86
79.275	106.54
79.285	107.99
79.295	107.21
79.305	106.17
79.315	105.96
79.325	107.14
79.335	103.3
79.345	104.54
79.355	105.48
79.365	89.96
79.375	101.64
79.385	107
79.395	104.9
79.405	102.75
79.415	100.76
79.425	101.4
79.435	103.64
79.445	105.22
79.455	106.23
79.465	103.65
79.475	104.77
79.485	101.75
79.495	102.08
79.505	100.87
79.515	102.82
79.525	108.57
79.635	106.08
79.645	103.07
79.655	99.95
79.665	110.51
79.675	110.79
80.125	100.9
80.135	101.22
80.145	98.45
80.155	101.36
80.165	104.4
80.175	101.58
80.185	99.16
80.195	100.74
80.205	102.91
80.215	101.83
80.225	100.52
80.275	98.57
80.285	103.37
80.295	102.97
80.305	102.5
80.435	103.33
80.445	104.25
80.455	102.88
80.465	102.01
80.475	103.57
80.485	96.77
80.495	100.58
80.505	102.74
80.675	92.39
80.685	91.32
80.745	95.18
80.755	94.08
80.895	95
80.905	94.93
80.935	108.54
80.945	99.34
80.955	94.55
80.995	102.1
81.495	124.21
81.505	122.04
81.515	121
81.525	118.58
81.535	116.02
81.545	114.08
81.555	110.78
81.565	111.24
81.575	113.3
81.585	110.29
81.595	110.19
81.605	109.43
81.615	109.68
81.625	110.24
81.635	106.65
81.645	108.68
81.655	113.27
81.665	112.54
81.675	112.7
81.685	116.08
81.695	115.75
81.705	114.14
81.745	99.79
81.755	98.03
81.765	101.14
82.045	124.24
82.055	122.77
82.065	117.85
82.185	150.89
82.195	158.17
82.205	162.12
82.215	162.43
82.225	157.6
82.235	154.47
82.245	153.84
82.255	156.35
82.265	151.82
82.275	150.96
82.285	150.85
82.295	143.75
82.305	145.52
82.315	151.34
82.325	145.1
82.335	144.89
82.345	155.01
82.355	154.61
82.365	143.57
82.375	148.87
82.385	155.11
82.395	153.28
82.405	148.94
82.415	148.64
82.425	147.49
82.435	157.67
82.445	158.14
82.455	151.91
82.465	153.17
82.535	80.85
82.545	80.21
82.555	76.52
82.595	73.03
82.605	73.49
82.685	138.02
82.695	123.38
82.705	121.21
82.715	117.76
82.725	115.2
82.735	114.82
82.745	112.97
82.755	111.68
82.765	112.48
82.775	112.89
82.785	110.46
82.795	108.14
82.805	111.16
82.815	109.03
82.825	109.74
82.835	112.12
82.845	112.82
82.855	111.88
82.865	110.99
82.875	109.54
82.885	108.26
82.895	115.12
82.905	111.73
82.915	108.01
82.925	103.76
82.935	102.12
82.945	103.45
82.955	103.78
82.965	99.6
82.975	100.99
82.985	100.34
82.995	100.48
83.005	101.82
83.015	105.15
83.025	101.6
83.035	101.7
83.045	103.3
83.055	104.17
83.065	105.45
83.075	108.87
83.085	111.15
83.095	108.19
83.105	76.39
83.115	76.64
83.125	76.7
83.135	93.4
83.145	100.46
83.155	112.14
83.165	112.49
83.175	113.8
83.185	113.45
83.195	113.6
83.205	113.41
83.215	113.31
83.225	113.55
83.235	113.35
83.245	113.42
83.255	113.17
83.265	113.43
83.275	113.52
83.285	113.94
83.295	114.22
83.305	115
83.315	115.07
83.325	115.11
83.335	115.01
83.345	114.45
83.355	114
83.365	113.41
83.375	112.05
83.385	108.78
83.395	108.74
83.405	108.55
83.415	105.74
83.425	105.57
83.435	104.81
83.445	107.21
83.455	107.46
83.465	106.9
83.475	105.16
83.485	103.34
83.495	101.95
83.505	102.31
83.515	102.21
83.525	102.57
83.535	100.21
83.545	98.77
83.555	99.49
83.565	100.39
83.575	98.95
83.585	98.62
83.595	97.63
83.605	99.61
83.615	99.84
83.625	100.86
83.635	102.47
83.645	101.71
83.655	101.75
83.665	104.74
83.825	95.3
83.835	98.42
83.845	96.39
83.855	96.68
83.865	98.5
83.875	96.52
83.885	98.38
83.895	95.77
83.905	96.43
83.915	98.73
84.085	108.31
84.095	108.16
84.105	107.88
84.115	106.69
84.125	106.85
84.135	105.79
84.145	109.78
84.155	108.5
84.445	109.21
84.455	106.48
84.465	106.21
84.475	106.9
84.485	106.88
84.495	107.34
84.505	107.43
84.515	108.26
84.525	109.17
84.535	109.77
84.545	110.74
84.555	111.42
84.565	110.69
84.575	108.74
84.585	107.49
84.595	109.24
84.605	108.78
84.615	106.46
84.625	108.62
84.635	108.28
84.645	107.34
84.655	106.77
84.665	105.88
84.675	103.52
84.685	105.19
84.695	104.05
84.705	102.94
84.715	102.93
84.725	103.69
84.735	102.89
84.745	102.9
84.755	101.71
84.765	99.65
84.775	97.53
84.785	97.77
84.795	97.25
84.805	95.72
84.815	92.4
84.825	91.16
84.835	93.69
84.845	96.63
84.855	94.42
84.865	92.7
84.875	94.24
84.885	94.04
84.895	93.72
84.905	97.1
85.255	120.08
85.265	115.35
85.275	114.51
85.285	115.91
85.295	116.17
85.305	116.56
85.315	117.32
85.325	117.55
85.335	116.78
85.345	117.16
85.355	117.52
85.365	116.85
85.375	117.72
85.385	121.67
86.675	123.03
86.685	125.87
86.695	116.92
86.705	114.3
86.715	115.68
86.725	119.22
86.735	114.73
86.745	96.28
86.755	116.96
86.765	114.84
86.865	103.56
86.875	105.93
86.885	100.9
86.895	102.71
86.905	97.8
86.915	102.22
86.925	105.82
86.935	106.23
86.945	97.57
86.955	105.78
86.965	104.97
86.975	109.12
86.985	107.41
86.995	100.32
87.005	97.34
87.015	104.28
87.025	109.91
87.035	103.53
87.045	100.46
87.055	96.44
87.065	95.76
87.075	95.42
87.085	95.5
87.095	95.41
87.105	94.42
87.115	93.82
87.125	92.96
87.135	92.1
87.145	92.43
87.155	93.22
87.165	92.76
87.175	93.12
87.185	92.87
87.195	92.96
87.205	94.1
87.215	115.52
87.275	146.4
87.285	125.59
87.295	122.21
87.435	116.68
87.445	116.02
87.455	115.43
87.465	116.05
87.495	117.23
87.505	120.38
87.515	129.22
87.525	132.68
87.535	119.47
87.595	114.71
87.605	114.43
87.615	127.46
87.625	127.37
87.635	126.72
87.645	123.03
87.895	123.45
87.905	120.3
87.965	124.15
87.975	120.62
87.985	128.26
87.995	129.82
88.005	125.07
88.015	117.85
88.035	120.48
88.045	126.44
88.055	130.58
88.065	128.03
88.075	120.75
88.085	121.06
88.105	123.32
88.115	116.89
88.125	117.21
88.135	123.18
88.145	122.44
88.195	116.77
88.205	128.41
88.215	127.24
88.385	105.29
88.395	104.74
88.445	78.73
88.455	79.11
88.465	78.75
88.475	79.66
88.625	143.01
88.635	145.63
88.645	143.64
88.655	148.66
88.665	148.61
88.675	155.82
88.785	130.58
88.795	131.26
88.805	150.55
88.935	140.64
88.945	143.28
88.955	121.56
88.965	128.97
88.975	129.25
88.985	132.05
88.995	135.79
89.005	132.83
89.015	127.83
89.025	132.61
89.035	138.84
89.045	131.06
89.055	129.58
89.065	130.58
89.075	138.34
89.085	132.95
89.095	131.84
89.105	134.14
89.115	132.14
89.125	133.47
89.135	130.25
89.145	135.94
89.155	132.3
89.165	135.64
89.175	134.05
89.185	129.73
89.195	128.54
89.205	131.33
89.215	136.59
89.225	128.86
89.235	135.54
89.245	134.62
89.255	131.99
89.265	130.51
89.275	131.85
89.285	132.93
89.295	129.76
89.305	138.54
89.315	130.89
89.325	131.02
89.335	130.41
89.345	136.69
89.355	132.15
89.365	128.72
89.375	137.22
89.385	128.59
89.395	127.98
89.405	131.43
89.415	133.57
89.425	122.39
89.435	139.54
89.445	136.27
89.455	123.97
89.465	125.28
89.475	138.02
89.485	131.79
89.495	122.56
89.505	140.38
89.515	141.3
89.525	120.42
89.535	129.81
89.545	136.87
89.555	129.98
89.565	127.24
89.575	141.07
89.585	128.05
89.595	124.39
89.835	133.73
89.845	128.61
89.855	131.83
89.865	135.85
89.875	135.5
89.905	138.35
90.075	132.12
90.085	127.02
90.155	77.56
90.165	81.21
90.365	76.18
90.375	76.81
90.385	81.83
90.395	81.01
90.435	82.22
90.445	83.05
90.455	82.54
90.565	76.7
90.575	81.73
90.585	80.43
90.595	79.67
90.605	79.61
90.775	84.93
90.785	88.83
90.795	88.61
