time	f0
0.02	123.26
0.03	121.72
0.04	121.2
0.05	121.17
0.06	124.71
0.07	123.87
0.08	124.62
0.09	124.73
0.1	123.79
0.11	123.25
0.12	123.59
0.13	122.92
0.14	122.47
0.15	122.02
0.16	122.04
0.17	122.26
0.18	121.93
0.19	121.69
0.2	121.08
0.21	120.67
0.22	120.35
0.23	119.76
0.24	118.15
0.25	117.87
0.26	117.48
0.27	117.19
0.28	117.06
0.29	117.2
0.3	117.18
0.31	117.96
0.32	117.95
0.33	117.58
0.34	115.4
0.35	113.3
0.36	111.96
0.37	113.99
0.38	115.94
0.39	115.35
0.4	115.81
0.41	114.77
0.42	113.9
0.43	113.83
0.44	114.09
0.45	113.13
0.46	113.11
0.47	113.26
0.48	113.34
0.49	112.92
0.5	113.03
0.51	113.55
0.52	113.05
0.53	113.08
0.54	113.88
0.55	113.28
0.56	113.54
0.57	113.17
0.58	112.33
0.59	112.24
0.6	111.97
0.61	111.03
0.62	110.53
0.63	109.69
0.64	107.75
0.65	107.3
0.66	106.99
0.67	105.04
0.68	101.93
1.66	136.34
1.67	135.8
1.68	135.97
1.69	138.58
1.7	136.24
1.71	133.1
1.72	130.35
1.73	129.08
1.74	128.77
1.75	132.12
1.76	133.09
1.92	98.61
1.93	106.98
1.94	111.73
1.95	113.63
1.96	113.17
1.97	112.86
1.98	112.69
1.99	111.95
2	111.63
2.01	111.77
2.02	112.87
2.03	113.25
2.04	114.87
2.05	116.47
2.06	118.73
2.07	122.37
2.08	121.78
2.09	118.84
2.1	119.32
2.11	123.65
2.12	126.08
2.13	121.51
2.23	143.5
2.24	139.93
2.25	138.34
2.26	135.59
2.27	132.46
2.28	128.35
2.29	121.87
2.3	118
2.31	114.85
2.32	113.5
2.33	115.64
2.34	119.52
2.35	123.67
2.36	123.42
2.37	123.14
2.38	124.83
2.46	140.24
2.47	134.13
2.48	129.51
2.49	129.16
2.5	127.15
2.51	126.74
2.52	126.31
2.53	124.66
2.54	122.63
2.55	121.91
2.56	121.78
2.57	124.21
2.58	127.77
2.59	129.99
2.6	129.44
2.61	129.27
2.62	129.9
2.63	130.17
2.64	131.4
2.65	132.14
2.66	132.38
2.67	131.37
2.68	129.89
2.69	129.86
2.7	130.4
2.71	129.68
2.72	130.06
2.73	129.61
2.74	128.7
2.75	129.39
2.76	133.58
2.77	130.25
2.78	125.65
2.79	121.77
2.8	118.99
2.81	117.42
2.82	116.78
2.83	114.33
2.84	111.58
2.85	110.72
2.86	108.89
2.87	105.42
2.88	103.32
2.89	90.33
2.9	93.81
3.2	85.44
3.21	89.45
3.22	109.88
3.23	113.46
3.24	118.16
3.25	112.83
3.26	112.45
3.27	111.92
3.28	111.51
3.29	111.35
3.3	110.26
3.31	109.91
3.32	109.9
3.33	109.76
3.34	109.39
3.35	109.12
3.36	108.82
3.37	108.89
3.38	108.81
3.39	108.81
3.4	108.89
3.41	108.4
3.42	107.96
3.43	107.79
3.44	108.22
3.45	110.71
3.46	111.66
3.47	111.21
3.48	108.77
3.49	107.76
3.5	110.34
3.51	110.01
4.92	92.38
4.93	96.93
4.94	110.3
4.95	110.68
4.96	114.83
4.97	111.42
4.98	112.32
4.99	110.48
5	110.73
5.01	107.46
5.02	108.45
5.03	105.72
5.04	105.05
5.05	104.15
5.06	106.45
5.07	106.99
5.08	106.73
5.09	106.65
5.1	108.21
5.11	110.28
5.12	112.19
5.13	113.34
5.14	113.02
5.15	111.16
5.25	120.61
5.26	117.24
5.27	115.86
5.28	115.25
5.29	114.52
5.3	114.23
5.31	113.64
5.32	112.71
5.33	112.06
5.34	112.46
5.35	113.99
5.36	115.37
5.37	116.94
5.38	116.73
5.39	115.71
5.4	116.45
5.41	116.87
5.42	117.12
5.48	126.88
5.49	125.6
5.5	123.76
5.51	123.52
5.52	123.17
5.53	122.55
5.54	122.59
5.55	121.58
5.56	121.44
5.57	122.04
5.58	122.46
5.59	124.43
5.6	126.32
5.61	126.29
5.62	123.26
5.63	123.41
5.81	109.98
5.82	109
5.83	105.01
5.84	104.06
5.85	109.12
5.95	116.39
5.96	116.67
5.97	117.04
5.98	115.36
5.99	110.37
6	103.14
6.01	96.77
6.02	96.85
6.03	101.45
6.04	103.15
6.05	110.48
6.06	115.87
6.07	118.64
6.08	120.16
6.09	119.6
6.1	118.86
6.11	119.29
6.12	119.51
6.13	116.92
6.14	116.91
6.15	115.15
6.16	113.4
6.17	113.44
6.18	110.62
6.22	131.6
6.23	129.28
6.24	138.38
6.25	134.44
6.26	129.72
6.27	122.44
6.28	110.7
6.29	106.19
6.3	102.12
6.31	100.76
6.32	101.08
6.33	102.27
6.34	106.82
6.35	110.38
6.36	112.05
6.37	108.86
6.38	107.13
6.39	110.7
6.46	144.81
6.47	144.88
6.48	148.12
6.49	147.32
6.5	145.78
6.51	143.54
6.52	142.25
6.53	141.15
6.54	140.93
6.55	137.59
6.56	132.78
6.57	134.35
6.58	135.82
6.59	138
6.6	138.17
6.61	139.47
6.62	140.4
6.63	140.7
6.64	137.3
6.65	138.88
6.66	139.56
6.67	138.82
6.68	135.29
6.69	132.73
6.7	131.97
6.71	130.12
6.72	126.25
6.73	124.85
6.74	124.06
6.75	123.8
6.76	124.73
6.77	123.49
6.78	122.04
6.79	121.47
6.8	121.22
6.81	121.26
6.82	120.62
6.83	119.34
6.84	117.22
6.85	113.48
6.86	106.19
6.87	110.48
6.88	108.39
6.89	107.9
6.9	108.17
6.91	108.2
6.92	109.85
6.93	111.16
6.94	104.23
6.95	104.55
6.96	104.38
6.97	104.71
6.98	105.13
6.99	105.27
7	105.48
7.01	105.83
7.02	105.17
7.03	104.65
7.04	109.02
7.05	111.21
7.06	114.26
7.07	118.23
7.08	119.78
7.09	122.12
7.1	123.06
7.11	124.27
7.12	125.23
7.13	126.82
7.14	127.92
7.15	129.03
7.16	127.88
7.17	127.92
7.18	127.81
7.21	126.29
7.22	126.48
7.23	123.41
7.24	120.41
7.25	118.65
7.26	116.5
7.27	113.02
7.28	108.81
7.29	106.59
7.42	115.97
7.43	118.74
7.44	107.07
7.45	115.89
7.46	114.81
7.47	113.77
7.48	110.71
7.49	116.42
7.5	118.2
7.51	117.62
7.52	115.82
7.53	113.92
7.54	113.46
7.55	115.46
7.56	115.24
8.34	103.06
8.35	103.06
8.36	105.3
8.37	114.77
8.38	115.37
8.39	113.94
8.4	109.72
8.41	104.96
8.46	96.06
8.47	104.69
8.48	117.4
8.49	125.76
8.5	130.82
8.51	137.39
8.52	140.65
8.53	141.49
8.54	145.27
8.55	143.19
8.56	143.3
8.57	145.3
8.58	146.83
8.59	148.66
8.6	150.06
8.61	151.4
8.62	152.61
8.63	153.51
8.64	153.77
8.65	154.26
8.66	155.24
8.67	159.39
8.68	160.25
8.69	161.85
8.7	161.99
8.71	162.58
8.72	164.93
8.73	169.4
8.74	168.18
8.75	173.78
8.76	171.09
8.77	172.53
8.78	171.69
8.79	169.04
8.8	169.48
8.81	168.52
8.82	165.93
8.83	163.1
8.84	158.9
8.85	153.64
8.86	149.14
8.87	135.78
8.88	125.55
8.92	165.32
8.93	157.55
8.94	165.63
8.95	172.11
10.69	90.22
10.7	89.43
11.26	120.67
11.27	123.42
11.28	129.2
11.29	131.97
11.3	135.03
11.31	121.77
11.54	136.77
11.55	137.02
11.56	137.01
11.57	136.18
11.58	130.49
11.59	125.36
11.6	129.06
11.61	130.88
11.62	131.68
11.63	132.72
11.64	134.82
11.65	135.32
11.7	134.52
11.71	122.95
11.72	116.3
11.73	122.38
11.74	106.23
11.75	124.87
11.76	126.92
11.77	128.28
11.78	128.24
11.79	127.95
11.8	127.13
11.81	126.27
11.82	125.37
11.83	124.53
11.84	124.15
11.85	125
11.86	125.87
11.87	127.43
11.88	128.81
11.89	129.52
11.9	130.18
11.91	131.88
11.92	134.11
11.93	135.71
11.94	136.65
11.95	136.78
11.96	135.77
11.97	133.92
11.98	130.28
11.99	127.75
12	128.02
12.01	135.26
12.02	132.32
12.03	132.07
12.06	135.2
12.07	143.28
12.08	149.51
12.09	155.36
12.1	160.5
12.11	163.65
12.12	165.87
12.13	169.73
12.14	171.04
12.15	171.1
12.16	170.27
12.17	168.21
12.18	158.7
12.19	155.05
12.2	163.67
12.21	170.21
12.22	162.48
12.23	164.4
12.24	166.86
12.25	166
12.26	165
12.27	164.29
12.28	149.39
12.29	148.28
12.3	131.45
12.31	156.36
12.72	144.07
12.73	133.8
12.8	135.66
12.81	130.34
12.82	134.84
13.14	98.67
13.15	107.61
13.16	105.67
13.17	118.42
13.18	121.91
13.19	122.66
13.2	121.68
13.21	121.65
13.22	120.18
13.23	118.42
13.24	116.54
13.25	111.98
13.26	108.65
13.27	109.77
13.28	109.58
13.29	109.43
13.3	112.81
13.31	114.7
13.32	116.39
13.33	119.13
13.34	120.9
13.35	119.92
13.36	117.76
13.37	113.69
13.38	110.77
13.39	111.93
13.4	112.05
13.41	110.98
13.42	110.59
13.43	114.41
13.44	110.92
13.45	109.1
13.46	108.95
13.47	107.85
13.48	107.5
13.49	107.48
13.5	108.57
13.51	108.02
13.52	106.76
13.53	106.24
13.54	101.49
13.55	106.73
13.56	107.11
13.57	106.54
13.58	105.63
13.59	106.5
13.6	106.61
13.61	106.39
13.62	107.6
13.63	109.18
13.64	111.28
13.65	114.67
13.66	116.96
13.67	119.9
13.68	123.43
13.69	125.53
13.7	128.55
13.71	129.67
13.72	130.32
13.73	131.87
13.74	132.11
13.75	131.93
13.76	131.54
13.77	131.09
13.78	130.72
13.79	131.82
13.8	131.16
13.81	132.44
13.82	137.49
13.83	137.36
13.84	134.17
13.85	135.03
13.86	131.39
13.87	134.62
13.88	132.02
13.89	129.77
13.9	129.71
13.91	134.7
14.27	99.53
14.28	100.58
14.29	106.49
14.3	108.87
14.31	106.4
14.32	107.3
14.33	110.41
14.34	116.26
14.35	119.64
14.36	123.27
14.37	124.49
14.38	125.92
14.39	126.99
14.4	124.56
14.41	118.58
14.42	118.93
14.53	115.69
14.54	124.85
14.55	123.85
14.56	122.88
14.57	122.19
14.58	119.24
14.59	119.05
14.6	120.13
14.61	120.21
14.76	109.43
14.77	108.3
14.78	106.15
14.79	103.39
14.8	101.07
14.81	99.13
14.82	99.06
14.83	95.88
14.84	98.89
14.85	96.31
14.86	99.13
14.87	98.53
14.88	102.11
14.89	102.37
14.9	103.46
14.91	103.67
14.92	102.89
14.93	101.11
14.94	99.67
14.95	98.58
14.96	100.17
14.97	102.86
14.98	103.21
14.99	103.49
15	99
15.01	98.46
15.02	98.12
15.03	101.23
15.04	102.06
15.05	100.87
15.06	124.24
15.09	119.47
15.1	127.33
15.85	135.36
15.86	123.7
15.87	126.74
15.88	128.3
15.89	129.13
15.9	129.59
15.91	129.14
15.92	123.38
15.93	121.27
15.94	123.65
15.95	131.59
15.98	117.04
15.99	114.14
16	117.6
16.01	117.85
16.02	118.64
16.03	118.25
16.04	116.97
16.05	114.82
16.06	113.31
16.07	113.47
16.08	114.57
16.09	114.9
16.1	114.05
16.11	114.22
16.12	119.08
16.13	112.92
16.14	115.66
16.15	120.42
16.16	124.32
16.17	126.33
16.18	129.69
16.19	126.16
16.2	135.76
16.21	136.14
16.22	138.33
16.23	139.03
16.24	139.44
16.25	138.65
16.26	140.96
16.27	141.44
16.28	138.21
16.29	137.77
16.3	133.47
16.31	133.09
16.32	133.04
16.33	135.41
16.34	135.39
16.35	134.82
16.36	134.42
16.37	127.37
16.38	135.28
16.39	137.89
16.4	143.97
16.41	138.26
16.42	135.97
16.43	132.58
16.44	128.84
16.45	122.35
16.46	119.66
16.47	115.34
16.48	104.67
16.49	104.7
16.5	103.38
16.51	106
16.52	109.46
16.53	111.13
16.54	113.08
16.55	114.65
16.56	116.19
16.57	116.36
16.58	119.28
16.59	123.54
16.6	124.67
16.61	124.08
16.62	125.37
16.63	125.73
16.64	126.25
16.65	124.3
16.66	124.7
16.67	124.04
16.68	126.93
16.69	128.69
16.74	117.62
16.75	116.45
16.76	110.23
16.77	105.48
16.78	102.77
16.79	99
16.8	94.02
16.81	92.32
16.82	90.74
16.83	86.7
16.88	83.4
16.89	88.06
16.9	90.99
16.91	95.28
16.92	102.82
16.93	105.07
16.94	118.05
16.95	118.8
17.02	124.32
17.03	124.93
17.04	124.26
17.05	123.24
17.06	122.66
17.07	123.37
17.08	124.15
17.09	123.64
17.1	122.62
17.11	122.77
17.12	122.74
17.13	121.97
17.14	120.63
17.15	119.73
17.16	122.15
17.17	120.26
17.18	118.72
17.19	120.21
17.2	118.29
17.21	115.3
17.22	114.31
17.23	111.78
17.24	111.34
17.25	110.21
17.26	107.75
17.27	103.95
17.28	104.66
17.29	102.31
17.3	102.03
17.31	103.31
17.32	104.84
17.33	106.18
17.34	105.91
17.35	105.96
17.36	106.16
17.37	105.71
17.38	106.24
17.39	107.42
17.4	107.11
17.41	107.9
17.42	108.47
17.43	107.57
17.44	106.26
17.45	104.84
17.46	107.82
17.59	101.49
17.6	104.72
17.61	103.75
17.62	105.2
17.63	105.8
17.64	105.45
17.65	104.69
17.66	104.68
17.67	98.27
17.68	97.93
17.69	96.02
17.7	92.17
17.71	94.1
17.72	97.06
17.73	100.73
17.74	105.68
17.75	107.9
17.76	108.83
17.77	109.69
17.78	110.05
17.79	107.64
17.8	107.67
17.81	106.7
17.82	109.51
17.83	113.5
17.84	115.52
17.91	136.35
17.92	114.4
17.93	117.25
17.94	118.35
17.95	116.98
17.96	115.76
17.97	113.05
17.98	109.87
17.99	107.03
18	104.53
18.01	102.73
18.02	103.07
18.03	107.06
18.04	110.15
18.05	116.17
18.06	108.88
18.07	113.56
18.16	94.11
18.17	101.83
18.32	105.06
18.33	104.89
18.34	105.74
18.35	105.87
18.36	106.18
18.37	106.98
18.38	107.08
18.39	106.87
18.4	105.8
18.41	105.92
18.42	93.42
18.43	88.13
18.75	87.2
18.76	88.42
18.77	88.9
18.78	89.68
18.79	90.51
18.8	91.61
18.81	92.44
18.82	89.26
18.83	94.71
18.84	94.2
18.85	92.53
18.86	87.33
18.87	83.43
18.88	83.42
18.89	84.57
18.96	86.49
18.97	94.75
18.98	96.43
18.99	99.42
19	103.72
19.01	105.89
19.02	104.28
19.03	103.55
19.04	103.96
19.05	105.8
19.06	110.55
19.07	115.71
19.08	113.47
19.09	109.82
19.16	98.23
19.17	120.03
19.18	111.31
19.19	110.95
19.2	111.37
19.21	110.73
19.22	110.27
19.23	111.04
19.24	110.62
19.25	110.28
19.26	110.8
19.27	110.43
19.28	109.85
19.29	108.73
19.3	108.99
19.31	110.74
19.32	110.76
19.33	114.12
19.34	114.28
19.35	112.99
19.36	110.97
19.37	109.52
19.38	108.74
19.39	106.62
19.4	101.89
19.41	100.93
19.42	98.5
19.43	93.36
19.44	98.23
19.45	102.89
19.49	112.85
19.5	120.05
19.51	122.51
19.52	126.35
19.53	130.76
20.03	115.39
20.04	115.71
20.05	117.39
20.06	118.44
20.07	119.72
20.15	135.1
20.16	137.72
20.17	135.31
20.18	132.81
20.19	131.15
20.2	131.31
20.21	131.76
20.22	131.64
20.23	135.87
20.24	138.53
20.25	141.63
20.26	144.13
20.27	138.14
20.68	135.69
20.69	128.44
20.7	128.88
20.71	130.5
20.79	149.6
20.8	149.32
20.81	148.56
20.82	148.43
20.83	146.51
20.84	145.78
20.85	140.99
20.86	138.8
20.87	141.5
20.88	148.36
20.89	148.48
20.9	144.62
20.91	143.65
20.92	142.81
20.93	146.87
20.94	148.98
20.95	149.12
20.96	147.51
20.97	152.14
20.98	137.27
20.99	152.42
21	145.2
21.01	142.79
21.02	143.38
21.03	141.75
21.04	139.88
21.05	138.48
21.06	136.89
21.07	136.1
21.08	135.48
21.09	132
21.1	131.87
21.11	132.53
21.12	133.89
21.13	135.59
21.14	137.65
21.15	138.77
21.16	140.62
21.17	141.85
21.18	144.68
21.19	146.79
21.2	148.23
21.21	150.12
21.22	151.22
21.23	154.75
21.24	156.4
21.25	155
21.26	160.81
21.27	165.68
21.28	164.4
21.29	165.28
21.3	170.5
21.31	168.86
21.32	164.21
21.33	166.53
21.34	165.9
21.35	156.51
21.36	153.73
21.37	157.4
21.38	157.31
21.39	153.67
21.4	152.59
21.41	158.58
21.51	163.54
21.52	156.26
21.53	153.21
21.54	150.58
21.55	147.57
21.56	146.58
21.57	146.48
21.58	147.99
21.59	147.92
21.6	144.35
21.61	143.74
21.62	145.44
21.63	148.4
21.64	149.86
21.65	153.41
21.66	152.31
21.67	154.45
21.68	153.97
21.69	151.99
21.7	149.48
21.71	145.41
21.72	141.67
21.73	140.62
21.74	137.73
21.75	135.72
21.76	131.98
21.77	127.12
21.78	120.73
21.79	131.44
21.8	135.54
21.81	139.46
21.82	145.97
21.83	156.58
21.88	141.82
21.89	147.59
21.9	152.1
21.91	156.21
21.92	160.48
21.93	162.81
21.94	164.47
21.95	166.31
21.96	169.7
21.97	174.78
21.98	170.76
21.99	157.69
22.02	110.59
22.03	104.42
22.04	166.51
22.05	168.79
22.06	123.99
22.07	120.32
22.08	173.42
22.09	173.2
22.1	166.17
22.11	157.86
22.12	157.19
22.13	155.56
22.16	163.18
22.17	163.58
23.36	92.47
23.37	102.46
23.38	113.24
23.39	115.47
23.4	118.99
23.41	122.24
23.42	122.87
23.43	124.24
23.44	124.84
23.45	128.93
23.46	129.96
23.47	124.32
23.48	124
23.49	123.9
23.5	123.89
23.51	120.43
23.52	120.04
23.53	122.95
23.54	122.28
23.55	121.25
23.56	120.15
23.57	118.67
23.58	117.87
23.59	115.96
23.6	114.06
23.61	111.16
23.62	107.38
23.63	105.99
23.64	113.3
24	127.89
24.01	125.85
24.02	123.05
24.03	122.13
24.04	120.94
24.05	118.28
24.06	120.91
24.07	120.86
24.08	119.87
24.09	120.58
24.1	120.46
24.11	119.76
24.12	119.57
24.13	120.16
24.14	119.56
24.15	119.76
24.16	118.97
24.17	117.62
24.18	115.55
24.19	112.84
24.2	111.52
24.21	109.09
24.22	107.27
24.23	102.42
24.24	97.69
24.25	92.24
24.26	85.75
24.46	91.71
24.47	105.03
24.48	117.35
24.49	119.79
24.5	121.87
24.51	123.04
24.52	122.79
24.53	123.23
24.54	121.33
24.55	121.4
24.56	122.65
24.57	124.65
24.58	126.67
24.59	130.04
24.6	132.09
24.61	133.88
24.62	135.07
24.63	137.28
24.64	140.55
24.65	140.57
24.66	138.14
24.67	131.86
24.68	131.18
24.69	131.95
24.7	131.78
24.71	131.95
24.72	138.11
24.73	138.42
24.74	143.73
24.75	142.55
24.76	135.99
24.77	132.41
24.78	128.87
24.79	127.68
24.8	127.85
24.81	128.3
24.82	127.53
24.83	126.48
24.84	126.8
24.85	126.54
24.86	131.08
24.87	128.93
24.88	129.82
24.89	139.47
24.9	144.16
24.91	142.08
24.92	138.53
24.93	135.34
24.94	132.65
24.95	129.64
24.96	125.42
24.97	121.26
25.09	130.41
25.1	133.53
25.11	132.71
25.12	146.91
25.29	146.7
25.3	146.09
25.31	146.43
25.32	147.95
25.33	151.15
25.34	153.58
25.35	154.11
25.36	154.15
25.37	154.77
25.38	154.84
25.39	154.01
25.4	152.42
25.41	150.76
25.42	149.02
25.43	148.07
25.44	147.25
25.45	145.67
25.46	161.07
25.47	157.32
25.48	153.73
25.49	148.66
25.5	158.15
25.51	151.39
25.52	144.02
25.53	142.95
25.54	142.69
25.55	142.61
25.56	142.45
25.57	141.28
25.58	138.71
25.59	143.23
25.6	132.04
25.61	132.95
25.62	142.81
25.63	143.69
25.64	144.23
25.65	143.09
25.66	143.03
25.69	103.5
25.7	106.46
25.71	115.11
25.72	118.31
25.73	123.1
25.74	124.34
25.75	126.33
25.76	129.67
25.77	129.66
25.78	121.25
25.79	122.19
25.8	127.08
25.81	129.26
25.82	128.37
25.83	129.4
25.84	132.91
25.85	129.18
25.86	128.63
25.87	130.23
25.88	132.23
25.89	134.25
25.9	134.95
25.91	134.27
25.92	133.28
25.93	132.91
25.94	131.47
25.95	130.31
25.96	129.77
25.97	130.47
25.98	130.93
25.99	132.82
26	134.8
26.01	132.24
26.02	132.37
26.03	131.47
26.04	131.32
26.05	129.71
26.06	129.56
26.07	129.62
26.08	131.44
26.09	131.75
26.14	134.44
26.15	130.86
26.16	128.1
26.17	124.82
26.18	120.38
26.19	117.09
26.2	113.74
26.21	109.07
26.22	108.63
26.23	107.91
26.24	108.68
26.25	108.97
26.26	109.65
26.27	108.52
26.28	105.39
26.48	123.79
26.49	128.33
26.5	129.21
26.51	130.65
26.52	130.71
26.53	129.86
26.54	125.95
26.55	124.35
26.56	124.54
26.57	124.7
26.58	124.7
26.59	124.81
26.6	124
26.61	124.21
26.62	123.72
26.63	123.56
26.64	109.94
26.65	111.44
26.66	109.74
26.67	108.94
26.71	117.5
26.72	124.17
26.73	124.86
26.74	124.38
26.75	119.63
26.76	119.78
26.77	119.6
26.78	118.23
26.79	119.65
26.8	121.62
26.81	123.72
26.94	122.28
26.95	123.83
26.96	120.92
26.97	117.44
26.98	119.89
26.99	118.75
27	118.12
27.01	118.3
27.02	120.21
27.03	120.27
27.07	118.94
27.08	119.63
27.09	119.59
27.1	120.51
27.11	117.51
27.12	114.24
27.13	116.55
27.14	116.97
27.15	116.93
27.16	117.35
27.17	118.04
27.18	118.56
27.19	118.88
27.2	119.06
27.21	120.36
27.22	121.41
27.23	122.7
27.24	124.73
27.25	126.21
27.26	127.71
27.27	130.21
27.28	131.45
27.29	132.62
27.3	135.66
27.31	136.68
27.32	138.45
27.33	140.25
27.34	140.66
27.35	140.56
27.36	140.2
27.37	138.74
27.38	133.56
27.39	127.61
27.4	128.07
27.41	133.67
27.42	135.04
27.43	137.22
27.44	138.13
27.45	137.18
27.46	136.81
27.47	132.51
27.48	132.03
27.75	92.45
27.76	93.95
27.77	104.22
27.78	120.47
27.79	118.66
27.8	114.89
27.81	114.07
27.86	136.45
27.87	144.53
27.88	145.48
27.89	145.69
27.9	145.41
27.91	144.34
27.92	141.33
27.93	142.07
27.94	142.09
27.95	145.05
27.96	143.64
27.97	142.84
27.98	149.64
27.99	158.32
28	163.16
28.01	160.9
28.02	157.46
28.03	155.91
28.04	152.22
28.05	146.6
28.06	146.82
28.07	144.6
28.08	145.46
28.09	154.93
28.1	142.38
28.11	138.74
28.12	139.42
28.13	137.65
28.14	136.03
28.15	133.95
28.16	129.93
28.17	121.92
28.18	117.14
28.19	136.53
28.2	129.05
28.21	126.05
28.22	126.49
28.34	145.27
28.35	142.75
28.36	139.47
28.37	136.31
28.38	130.3
28.39	130.78
28.4	132.26
28.41	133.35
28.42	136.37
28.43	134.66
28.44	137.37
28.46	154.37
28.47	152.27
28.48	154.3
28.49	147.65
28.5	144.54
28.51	141.37
28.52	138.86
28.53	137.2
28.54	133.05
28.55	130.87
28.56	130.81
28.57	129.7
28.58	129.71
28.59	129.89
28.6	129.51
28.61	131.59
28.66	134.17
28.67	114.97
28.68	113.22
28.69	109.46
28.7	108.22
28.71	113.14
28.72	115.15
28.73	118.69
28.74	120.92
28.75	121.79
28.76	123.85
28.77	126.35
28.78	130.28
28.79	131.6
28.8	133.17
28.81	133.58
28.82	133.08
28.83	131.51
28.84	130.13
28.85	126.93
28.86	117.3
28.87	109.96
28.88	108.04
28.89	105.57
28.9	106.61
28.91	111.24
28.92	117.8
28.93	119.33
28.94	120.05
28.95	121.95
28.96	123.09
28.97	120.78
28.98	116.77
29.01	127.06
29.02	121.71
29.03	122.44
29.04	121.5
29.05	119.04
29.06	117.57
29.07	119.76
29.08	116.55
29.09	116.82
29.1	119.35
29.11	115.33
29.12	117.08
29.13	118.12
29.14	117.99
29.15	116.46
29.16	114.55
29.17	112.19
29.18	109.46
29.19	113.01
29.2	114.91
29.26	141.37
29.27	135.07
29.28	133.57
29.29	134
29.3	133.38
29.31	134.48
29.32	133.16
29.33	131.36
29.34	131.06
29.35	132.32
29.36	134.05
29.37	134.32
29.38	134.51
29.39	138.12
29.4	135.38
29.48	133.85
29.49	130.76
29.5	127.23
29.51	123.72
29.52	121.42
29.53	119.18
29.54	118.4
29.55	117.12
29.56	116.56
29.57	116.87
29.58	119.46
29.59	119.88
29.6	119.2
29.61	120.09
29.62	119.63
29.63	119.25
29.64	119.16
29.65	117.62
29.66	118.31
29.67	118.12
29.68	117.72
29.76	136
29.77	130.67
29.78	123.43
29.79	123.13
29.8	125.44
29.81	125.26
29.82	131.38
29.83	131.33
29.84	136.11
29.89	122.92
29.9	124.49
29.91	124.14
29.92	121.79
29.93	118.36
29.94	115.97
29.95	113.08
29.96	105.6
29.97	99.07
29.98	94.48
29.99	92.77
30	88.37
30.01	89.11
30.02	95.12
30.03	104.68
30.04	106.65
30.05	108.23
30.06	109.21
30.07	111.08
30.08	105.04
30.09	111.78
30.1	114.2
30.11	111.02
30.12	112.3
30.13	114.88
30.25	114.28
30.26	114.04
30.27	115.06
30.28	115.08
30.29	114.63
30.3	114.28
30.31	113.16
30.32	113.13
30.33	113.83
30.34	115.15
30.35	114.94
30.36	114.34
30.37	115.09
30.38	115.99
30.39	116.14
30.45	141.01
30.46	134.09
30.47	132.18
30.48	127.46
30.49	130.67
30.5	128.97
30.51	131.05
30.52	130.98
30.53	132.96
30.54	139.11
30.55	144.3
30.59	159.77
30.6	155.91
30.61	152.14
30.62	145.01
30.63	136.13
30.64	136.7
30.65	131.88
30.66	136.46
30.67	144.1
30.68	150.23
30.69	145.77
30.7	143.08
30.71	145.35
30.72	153.6
30.73	153.65
30.75	100.03
30.76	97.85
30.77	91.74
30.88	86.68
30.89	97.29
30.9	107
30.91	114.37
30.92	113.74
30.93	123.53
30.94	127.02
30.95	127.56
30.96	129.35
30.97	132.2
30.98	132.45
30.99	133.56
31	133.94
31.01	135.36
31.02	135.46
31.03	135.34
31.04	134.72
31.05	136.21
31.06	131.68
31.07	128.68
31.08	126.34
31.09	125.14
31.1	121.94
31.11	119.28
31.12	118.47
31.13	116.21
31.14	112.8
31.15	108.6
31.19	119.44
31.2	121.4
31.21	88.48
31.22	89.45
31.31	106.64
31.32	112.62
31.33	118.14
31.34	120.31
31.35	118.11
31.36	121.69
31.37	121.11
31.38	122.06
31.39	120.26
31.42	108.12
31.43	112.21
31.44	112.83
31.45	115.67
31.46	113.8
31.47	113.33
31.48	112.44
31.49	112.23
31.5	111.35
31.51	107.89
31.52	106.86
31.53	112.88
31.54	113.29
31.55	113.03
31.56	113.76
31.57	113.23
31.63	104.34
31.64	114.93
31.65	116.7
31.66	103.79
31.67	116.93
31.68	106.48
31.69	116.06
31.7	107.04
31.71	116.15
31.72	110.67
31.73	111.79
31.74	115.5
31.75	105.56
31.76	115.09
31.77	105.03
31.78	117.42
31.79	106.48
31.8	114.29
31.81	111.46
31.82	111.23
31.83	112.47
31.84	112.81
31.85	112.61
31.86	111.18
31.87	114.24
31.88	113.36
31.89	113.32
31.9	112.59
31.91	114.57
31.92	112.76
31.93	113.64
31.94	114.32
31.95	114.79
31.96	114.96
31.97	114.97
31.98	116.9
31.99	116.01
32	119.45
32.01	121.8
32.02	118.93
32.03	122.94
32.04	118.81
32.05	117.63
32.06	120.45
32.07	115.02
32.08	118.44
32.09	121.86
32.1	118.17
32.11	123.57
32.12	120.59
32.13	121.42
32.14	120.57
32.15	118.29
32.16	121.18
32.17	116.42
32.18	109.83
32.3	90.85
32.31	90.65
32.32	86.32
32.44	86.71
32.45	97.88
32.46	99.85
32.47	102.22
32.48	103
32.49	100.44
32.5	112.08
32.51	115.21
32.52	114.3
32.53	112.75
32.96	122.6
32.97	123.57
32.98	120.29
32.99	119.6
33	116.26
33.01	119.9
33.02	119.78
33.03	118.67
33.04	121.67
33.05	121.12
33.06	119.2
33.07	116.73
33.08	119.8
33.09	120.93
33.1	121.09
33.11	120.82
33.12	120.91
33.13	122.22
33.14	119.07
33.15	117.4
33.16	116.79
33.17	116.45
33.18	114.66
33.19	113.82
33.2	114.41
33.21	115.67
33.22	116.14
33.23	116.6
33.24	117.28
33.25	116.47
33.26	116.64
33.27	116.88
33.28	117.21
33.29	117.37
33.3	118.53
33.31	118.16
33.32	117.94
33.33	117.28
33.34	115.66
33.35	115.42
33.36	112.62
33.37	111.83
33.38	112
33.39	120.44
33.4	105.04
33.41	108.96
33.42	107.65
33.43	107.84
33.44	105.76
33.45	103.61
33.46	104.62
33.47	105.75
33.48	106
33.49	105.35
33.5	102.75
33.51	100.17
33.53	86.91
33.56	93.36
33.57	93.37
33.58	90.29
33.59	103.18
33.6	105.42
33.61	111.48
33.62	114.99
33.63	128.58
33.64	119.59
33.65	120.29
33.66	129.5
33.67	153.7
33.68	149.8
33.69	127.55
33.7	147.95
33.74	89.6
33.75	105.32
33.76	105.89
33.77	109
33.78	112.2
33.79	113.24
33.8	114.35
33.81	113.07
33.82	111.4
33.83	113.54
33.84	114.24
33.85	113.94
33.86	113.33
33.87	113.5
33.88	113.67
33.89	114.63
33.9	115.73
33.91	117.51
33.92	118.04
33.93	118.13
33.94	118.55
33.95	119.26
33.96	119.93
33.97	120.16
33.98	120.36
33.99	119.52
34	120.09
34.01	121.66
34.02	127.5
34.03	125.65
34.04	122.24
34.14	115.89
34.15	119.2
34.16	119.4
34.17	123.06
34.2	97.54
34.21	111.85
34.22	107.51
34.23	107.66
34.24	105.99
34.25	108.8
34.26	108.12
34.27	107.7
34.28	107.58
34.29	107.91
34.3	108.44
34.31	108.86
34.32	109.05
34.33	108.6
34.34	107.92
34.35	107.18
34.36	103.56
34.37	102.95
34.38	104.48
34.39	102.57
34.4	107.71
34.41	103.39
34.42	108.97
34.43	107.66
34.44	111.5
34.45	112.6
34.46	112.95
34.47	114.3
34.48	115.35
34.49	116.08
34.5	116.44
34.51	117.16
34.52	109.86
34.53	112.01
34.54	111.26
34.76	119.52
34.77	116.83
34.78	114.28
34.79	114.08
34.8	110.99
34.81	111.43
34.82	108.21
34.83	104.53
34.84	103.04
34.85	89.18
34.96	90.58
34.97	97.39
34.98	109.49
34.99	113.99
35	117.4
35.01	122.96
35.02	125.78
35.03	129.09
35.04	131.46
35.05	132.29
35.06	133.98
35.07	136.35
35.08	138.75
35.09	142.54
35.1	145.29
35.11	145.19
35.12	143.5
35.13	147.6
35.14	152.98
35.15	148.26
35.16	144.93
35.17	140.3
35.18	139.51
35.19	139.28
35.2	139.26
35.21	144.31
35.23	135.9
35.24	135.96
35.25	137.21
35.26	149.8
35.27	146.61
35.28	116.52
35.29	115.43
35.3	109.36
35.31	109.47
35.32	100.73
35.33	104.75
35.34	94.11
35.35	99.95
35.36	113.67
35.37	110.22
35.38	113.41
35.39	114.91
36.29	97.7
36.3	105.75
36.31	105.76
36.32	103.55
36.4	119.65
36.41	120.29
36.42	120.06
36.43	118.27
36.44	116.09
36.45	109.16
36.46	113.07
36.47	112.34
36.48	111.15
36.49	111.38
36.5	111.92
36.51	111.66
36.52	108.21
36.53	103.5
36.54	100.15
36.55	90.42
36.56	87.1
36.57	100.98
36.58	103.11
36.59	84.08
36.6	87.78
36.61	92.85
36.62	99.73
36.63	101.04
36.64	102.61
36.65	103.47
36.66	105.19
36.67	106.61
36.68	107.72
36.69	106.94
36.7	105.61
36.71	105.23
36.72	107.07
36.73	109.44
36.74	113.03
36.75	116.45
36.76	118.75
36.77	119.77
36.78	119.87
36.79	119.43
36.8	118.87
36.81	117.91
36.82	117.4
36.83	115.88
36.84	113.69
36.85	110.21
36.86	111.1
36.87	110.18
36.88	107.81
36.89	109.51
36.9	110.96
36.96	114.25
36.97	112.26
36.98	112.35
36.99	113.27
37	111.99
37.01	111.21
37.02	108.58
37.03	124.01
37.04	103.77
37.05	111.09
37.06	109.7
37.07	110.61
37.08	112.92
37.09	111.27
37.1	111.49
37.11	110.85
37.12	111.34
37.13	112.11
37.2	112.31
37.21	112.97
37.22	115.02
37.23	103.44
37.24	108.78
37.31	117.95
37.32	117.27
37.33	117.41
37.34	117.01
37.35	97.03
37.36	115.88
37.37	119.22
37.38	119.83
37.39	93.87
37.4	124.29
37.41	117.68
37.68	116.11
37.69	106.68
37.7	109.3
37.71	108.37
37.72	108.07
37.73	107.68
37.74	107.47
37.75	108
37.76	108.27
37.77	108.19
37.78	106.88
37.79	109.28
37.8	109.31
37.81	108.25
37.82	109.85
37.83	109.12
37.84	111.2
37.85	115.58
37.86	117
37.9	132.95
37.91	132.95
37.92	130.67
37.93	119.4
37.94	117.39
37.95	118.07
37.96	118.31
37.97	113.73
37.98	118.7
37.99	120.99
38	127.67
38.01	100.74
38.02	124.59
38.03	107.15
38.04	109.35
38.05	97.32
38.06	107.55
38.07	114.77
38.08	106.97
38.09	110.15
38.1	110.56
38.11	115.78
38.12	106.09
38.13	107.05
38.14	104.82
38.25	112.44
38.26	108.6
38.27	113.05
38.28	103.36
38.29	123.65
38.3	100.51
38.31	120.73
38.32	109.3
38.33	111
38.34	112.42
38.35	114.81
38.36	113.89
38.37	115
38.38	116.55
38.39	118.59
38.4	118.71
