time	f0
0.973	198.8
0.983	173.77
0.993	168.16
1.003	153.63
1.013	151.42
1.023	150.16
1.033	136.31
1.043	132.52
1.053	131.68
1.063	130.61
1.073	128.23
1.083	126.56
1.093	123.82
1.103	122.45
1.113	123.37
1.123	122.18
1.133	120.63
1.143	118.18
1.153	120.93
1.163	122.31
1.173	121.6
1.183	121.51
1.193	121.22
1.203	120.91
1.213	121.45
1.223	121.2
1.233	120.41
1.243	120.05
1.253	120
1.263	119.85
1.273	118.89
1.283	118.24
1.293	117.29
1.303	116.06
1.313	116.01
1.323	116.17
1.333	115.98
1.343	116.04
1.353	116.05
1.363	116.28
1.373	115.91
1.383	114.82
1.393	114.09
1.403	113.77
1.413	113.77
1.423	113.06
1.433	112.56
1.443	111.77
1.453	110.49
1.463	109.1
1.473	108.65
1.483	108.28
1.493	108.58
1.503	108.71
1.513	108.07
1.523	107.81
1.533	107.52
1.543	107.15
1.553	106.81
1.563	106.32
1.573	105.89
1.583	106.02
1.593	102.3
1.603	102.69
1.613	102.58
1.623	101.98
1.633	102.53
1.643	110.47
1.653	100.32
1.663	100.28
1.673	104.51
1.683	99.29
1.693	89.54
1.703	84.35
1.713	87.1
1.723	87.28
1.743	97.18
1.753	101.39
1.763	100.1
1.773	96.6
1.783	97.41
1.793	101.57
1.803	106.95
1.813	111.03
1.823	113.7
1.833	114.42
1.843	115.5
1.853	117.51
1.863	125.22
1.873	126.55
1.883	125.5
1.893	124.02
1.903	124.36
1.913	125.55
1.923	127.68
1.933	130.63
1.943	135.66
1.953	138.32
1.963	139.46
1.973	140.76
1.983	140.89
1.993	139.48
2.003	137.8
2.013	137.61
2.023	136.82
2.033	134.24
2.043	129.03
2.053	129.98
2.063	131.49
2.073	132.01
2.083	131.72
2.093	130.17
2.103	124.64
2.113	121.64
2.123	118.71
2.133	116.47
2.143	111.69
2.153	111.28
2.163	116.23
2.173	113.65
2.183	113.37
2.193	112.58
2.203	111.79
2.213	110.82
2.223	110.22
2.233	109.52
2.243	108.94
2.253	107.95
2.263	107.19
2.273	106.56
2.283	105.92
2.293	104.38
2.303	101.13
2.313	105.13
2.323	105.94
2.333	103.05
2.343	102.77
2.353	103.13
2.363	103.36
2.373	102.49
2.383	105.55
2.393	105.82
2.403	104.13
2.413	105.03
2.423	74.11
2.433	74.46
2.443	74.41
2.453	73.84
2.463	73.87
2.473	103.92
2.483	105.47
2.493	108.99
2.503	116.41
2.513	115.48
2.523	111.8
2.533	108.86
2.543	105.48
2.553	104.32
2.563	105.7
2.573	101
2.583	102.18
2.593	101.49
2.603	100.46
2.713	116.97
2.723	119.1
2.733	120.26
2.743	120.59
2.753	118.78
2.763	117.19
2.773	118.58
2.783	117.85
2.793	112.75
2.803	109.27
2.813	107.21
2.823	103.81
2.833	100.91
2.843	100.23
2.853	96.15
2.863	99.98
2.873	101.94
2.883	101.67
2.893	100.35
2.903	101.09
2.913	101.92
2.923	102.07
2.933	101.58
2.943	101.2
2.953	99.52
2.973	99.21
2.983	99.46
2.993	94.85
3.003	99.26
3.013	99.96
3.023	101.7
3.033	100.97
3.043	99.46
3.053	98.69
3.063	98.69
3.073	97.22
3.083	95.97
3.093	96.25
3.103	96.9
3.113	96.99
3.123	96.98
3.133	102.31
3.143	96.79
3.153	99.46
3.163	96.98
3.173	97.04
3.183	97.76
3.193	96.54
3.203	94.92
3.213	96.75
3.223	95.49
3.313	96.79
3.323	108.07
3.333	103.55
3.343	104.19
3.353	105.9
3.363	106.93
3.373	107.5
3.383	106.03
3.823	123.77
3.833	123.54
3.843	123.21
3.853	112.83
3.863	105.81
3.873	103.5
3.883	100.97
3.893	99.8
3.903	99.72
3.913	98.25
3.923	97.58
3.933	97.82
3.943	97.72
3.953	97.61
3.963	97.47
3.973	97.06
3.983	95.52
3.993	93.84
4.003	93.45
4.013	93.63
4.023	93.23
4.033	93.72
4.043	93.77
4.053	93.76
4.063	94.63
4.073	94.08
4.083	94.44
4.093	94.23
4.103	94.16
4.113	93.69
4.123	93.58
4.133	93.59
4.143	93.29
4.153	93.86
4.163	93.22
4.173	95.23
4.183	96.22
4.193	95.82
4.203	98.31
4.213	99.47
4.223	101.86
4.233	102.05
4.243	102.45
4.253	108.86
4.263	117.45
5.243	103.29
5.253	103.89
5.263	99.07
5.273	97.9
5.283	100.13
5.293	100.61
5.303	100.14
5.313	99.47
5.323	98.59
5.333	98.77
5.343	99.23
5.353	98.96
5.363	98.62
5.373	98.33
5.383	97.44
5.393	97.41
5.403	97.56
5.413	102.2
5.423	105.86
5.433	105.15
5.443	107.14
5.453	110.06
5.463	112.91
5.473	113.59
5.483	113.52
5.493	113.26
5.503	112.35
5.513	110.6
5.523	109.41
5.533	108.32
5.543	108.42
5.553	111.73
5.563	116.62
5.573	113.56
5.583	112.72
5.593	113.65
5.603	113.07
5.613	111.66
5.623	111.86
5.633	111.88
5.643	111.59
5.653	110.68
5.663	112.64
5.733	114.58
5.743	113.18
5.753	113.23
5.763	110.99
5.773	109.61
5.783	108.66
5.793	107.6
5.803	106.84
5.813	106.66
5.823	105.49
5.833	104.99
5.843	104.38
5.853	102.73
5.863	101.13
5.873	106.13
5.883	105.89
5.893	105.83
5.903	105.8
5.913	106.23
5.923	106.23
5.933	103.99
5.943	103.83
5.953	102.49
5.963	102
5.973	101.52
5.983	101.84
5.993	102.04
6.003	101.95
6.013	102.58
6.023	103.02
6.033	104.17
6.043	103.96
6.053	105.24
6.063	104.87
6.073	105.06
6.083	104.91
6.093	104.7
6.103	103.53
6.113	103.32
6.123	102.76
6.133	100.82
6.143	103.63
6.153	104.1
6.163	104.42
6.173	105.31
6.183	105.41
6.193	104.56
6.203	105.22
6.213	107.16
6.223	109.9
6.233	106.8
6.243	100.66
6.253	96.44
6.263	93.04
6.273	91.92
6.283	91.76
6.293	98.32
6.303	97.65
6.313	97.09
6.323	97.25
6.333	98.7
6.343	106.64
6.353	104.97
6.363	105.85
6.373	104.36
6.383	105.44
6.393	105.66
6.403	98.62
6.413	100.56
6.423	102.19
6.433	101.16
6.443	100.56
6.453	100.4
6.463	100.57
6.473	100.69
6.483	100.16
6.493	100.01
6.503	99.89
6.513	99.8
6.523	99.68
6.533	99.78
6.543	100.24
6.553	100.66
6.563	101.07
6.573	102.86
6.583	104.17
6.593	104.36
6.603	104.45
6.613	104.07
6.623	103.66
6.633	102.89
6.643	102.97
6.653	101.76
6.663	102.52
6.673	103.15
6.683	104.28
6.693	103.71
6.703	103.51
6.713	103.27
6.723	103.12
6.733	102.94
6.743	100.64
6.753	100.32
6.763	99.02
6.773	98.91
6.783	98.01
6.793	98.66
6.803	99.04
6.813	100.93
6.823	100.58
6.833	102.13
6.843	101.12
6.853	101.11
6.863	101.45
6.873	101.25
6.883	103.23
6.893	104.25
6.903	104.78
6.913	104.15
6.923	104.07
6.933	104.82
6.943	104.91
6.953	102.04
6.963	102.05
6.973	101.74
6.983	102.76
6.993	103.62
7.003	104.56
7.013	104.94
7.023	103.74
7.033	103.7
7.043	102.85
7.053	102.29
7.063	100.92
7.073	101.06
7.083	103.03
7.093	101.99
7.103	106.96
7.113	106.99
7.123	104.72
7.333	96.73
7.343	98.1
7.353	98.35
7.363	96.59
7.373	95.33
7.383	93.69
7.393	92.19
7.403	93.45
7.413	92.91
7.423	92.86
7.433	98.1
7.443	97
7.453	95.76
7.463	103.9
7.473	112.43
7.483	102.92
7.493	100.16
7.503	98.02
7.513	95.62
7.523	94.33
7.533	94.52
7.543	94.69
7.553	95.29
7.563	95.52
7.573	93.59
7.583	96.29
7.593	94.1
7.603	96.18
7.613	93.78
7.653	77.16
7.663	77.7
7.673	77.22
7.683	77.23
7.693	76.85
7.703	78.81
7.713	94.22
7.723	89.97
7.733	94.32
7.743	96.73
7.753	99.19
7.763	100.49
7.773	100.47
7.783	99.69
7.793	101.45
7.803	101.46
7.813	101.87
7.823	101.98
7.833	101.73
7.843	101.48
7.853	101.26
7.863	101.01
7.873	101.35
7.883	101.1
9.443	100.01
9.453	101.44
9.463	101.07
9.473	100.44
9.483	99.27
9.493	99.59
9.503	99.3
9.513	99.27
9.523	99.45
9.533	99.66
9.543	100.31
9.653	99.34
9.663	100.37
9.673	93.43
9.683	91.35
9.693	93.21
9.703	93.18
9.713	93.17
9.723	92.82
9.733	92.8
9.743	93.24
9.753	93.36
9.763	93.02
9.773	93.37
9.783	93.33
9.793	91.88
9.803	90.84
9.813	90.79
9.823	90.43
9.833	89.64
9.843	89.87
9.853	91.92
9.863	92.48
9.873	91.25
9.883	91.39
9.893	92.79
9.903	93.89
9.913	92.87
9.923	91.82
9.933	93.21
9.943	92.84
9.953	92.34
10.093	96.8
10.103	95.31
10.113	95.44
10.123	93.16
10.133	94.83
10.213	108.65
10.223	114.72
10.233	121.38
10.243	123.89
10.253	122.41
10.263	121.46
10.273	122.54
10.283	123.63
10.293	123.76
10.303	120.98
10.313	120.2
10.323	120.57
10.373	127.1
10.383	124.74
10.393	123.04
10.403	118.35
10.413	119.06
10.423	123.37
10.433	117.02
10.443	117.4
10.453	114.54
10.463	111.5
10.603	94.36
10.613	97.09
12.473	90.33
12.483	89.08
12.493	85.81
12.503	84.65
12.513	81.56
12.523	82.19
12.533	84.08
12.543	85.9
12.553	83.64
12.563	77.74
12.573	88.83
12.973	98.82
12.983	100.35
12.993	102.19
13.003	97.29
13.013	96.5
13.023	93.21
13.033	92.63
13.043	92.6
13.053	93.44
13.063	94.43
13.073	94.51
13.083	93.7
13.093	92.67
13.103	91.09
13.113	95.82
13.123	95.41
13.133	93.43
13.143	93.15
13.153	92.38
13.343	108.11
13.353	108.61
13.363	107.57
13.373	106.94
13.383	106.57
13.393	105.54
13.403	106.35
13.413	104.51
13.423	100.37
13.433	104.09
13.473	104.37
13.483	103.95
13.493	105.21
13.503	104.69
13.513	103.98
13.813	91.47
13.823	106.5
13.833	102.86
13.843	102.84
13.853	102.32
13.863	102.64
13.873	101.12
13.883	100.43
13.893	100.48
13.903	103.19
13.913	99.32
13.923	98.28
13.933	95.75
13.943	98.77
13.953	99.94
13.963	99.47
14.233	108.89
14.243	109.72
14.253	107.3
14.263	105.58
14.413	74.15
14.643	77.23
14.653	78.41
14.663	80.71
14.673	85.18
14.683	84.92
14.693	91.78
14.703	95.61
14.713	99.1
14.723	102.78
14.733	103.48
14.743	105.42
14.753	108.53
14.763	113.19
14.773	113.37
14.783	115.72
14.793	116.38
14.803	116.41
14.813	116.3
14.823	116.32
14.833	115.46
14.843	115.17
14.853	115.05
14.863	115.11
14.873	115.14
14.883	114.98
14.893	115.33
14.903	115.45
14.913	115.92
14.923	115.46
14.933	113.95
14.943	114.49
14.953	114.11
14.963	112.7
14.973	111.84
14.983	111.36
14.993	111.33
15.003	115.51
15.013	111.14
15.023	109.98
15.033	110.06
15.043	109.93
15.053	106.58
15.063	106.88
15.073	105.62
15.083	104.35
15.093	73.86
15.103	73.69
15.113	73.77
15.163	75.21
15.173	75.89
15.203	113.8
15.213	110.19
15.223	109
15.233	109.03
15.243	106.19
15.253	103.68
15.303	73.76
15.313	73.95
15.423	98.91
15.433	100.99
15.453	141.72
15.463	150.52
15.473	152.44
15.483	154.23
15.493	158.26
15.503	160.15
15.513	162.41
15.523	163.58
15.533	164.68
15.543	164.09
15.553	171.9
15.563	171.63
15.573	169.67
15.583	168.17
15.593	159.11
15.603	159.56
15.613	157.9
15.623	152.27
15.633	159.21
15.643	148.09
15.653	146.02
15.663	145.58
15.673	144.68
15.683	143.91
15.693	143.31
15.703	139.11
15.713	135.48
15.723	136.06
15.733	136.76
15.743	135.34
15.753	137.81
15.763	138.13
15.773	138.21
15.783	138.54
15.793	138.8
15.803	139.23
15.893	113.42
15.903	113.18
15.913	113.32
15.923	113.5
15.933	110.02
15.943	109.77
16.143	110.81
16.153	111.25
16.163	113.64
16.173	112.6
16.183	112.06
16.193	112.02
16.203	110.63
16.213	106.84
16.223	106.65
16.233	107.35
16.243	108.22
16.253	108.46
16.263	108.57
16.273	110.8
16.283	111.23
16.293	110.41
18.123	94.43
18.133	95.02
18.143	93.21
18.153	89.68
18.163	89.78
18.173	90.42
18.183	90.35
18.193	89.86
18.203	88.48
18.213	90.06
18.223	88.39
18.233	88.2
18.243	82.43
18.343	99.3
18.353	98.87
18.363	96.46
18.373	94.71
18.383	92.83
18.393	96.13
18.403	95.7
18.413	94.48
18.973	124.71
18.983	126.75
18.993	130.94
19.253	103.22
19.263	100.62
19.273	97.04
19.283	92.83
