time	f0
0.625	204.76
0.635	191.55
0.645	187.72
0.655	186.36
0.665	185.47
0.675	182.84
0.685	180.49
0.695	180.71
0.705	179.53
0.715	177.94
0.725	176.87
0.735	176.83
0.745	176.83
0.755	174.74
0.765	173.77
0.775	172.32
0.785	167.56
0.795	167.09
0.805	167.79
0.815	164.42
0.825	165.69
0.835	164.18
0.845	164.2
0.855	164.58
0.865	163.91
0.875	164.21
0.885	163.82
0.895	163.66
0.905	163.84
0.915	163.69
0.925	161.41
0.935	164.28
0.945	162.73
0.955	164.24
0.965	163.1
0.975	162.39
0.985	163.8
0.995	160.66
1.005	166.75
1.015	161.31
1.025	161.61
1.035	157.19
1.195	201.29
1.205	188.44
1.215	190.57
1.225	191.05
1.235	192.57
1.245	194.08
1.255	195.33
1.265	197.41
1.275	199.15
1.285	200.9
1.295	198.02
1.305	194.22
1.315	195.14
1.325	192.55
1.335	200.99
1.345	202.8
1.355	202.18
1.365	199.9
1.375	196.99
1.385	202.79
1.395	203.08
1.435	199.21
1.445	192.13
1.455	187.82
1.465	183.25
1.475	181.83
1.485	181.64
1.495	175.01
1.505	188.17
1.515	183.86
1.525	188.48
1.535	185.44
1.555	197.3
1.565	186.81
1.575	180.39
1.585	176.11
1.595	174.01
1.605	174.55
1.615	171.29
1.625	174.48
1.635	172.56
1.645	170.5
1.655	167.84
1.665	167.57
1.675	165.51
1.685	167
1.695	167.78
1.705	166.07
1.715	170.1
1.725	168.43
1.735	170.84
1.775	166.23
1.785	166.12
1.795	167.02
1.805	165.84
1.815	166.21
1.825	166.19
1.835	167.65
1.845	168.43
1.855	168.08
1.865	169.85
1.875	168.76
1.885	167.6
1.895	166.01
1.905	165.47
1.915	164.99
1.925	165.14
1.935	165.98
1.945	166.54
1.955	165.63
2.005	167.4
2.015	185.29
2.025	155.97
2.035	163.66
2.045	168.54
2.055	165.95
2.065	168.03
2.075	170.6
2.085	169.88
2.095	171.48
2.105	171.95
2.115	172.1
2.125	170.15
2.135	170.72
2.145	170.15
2.155	170.87
2.165	170.67
2.175	171.58
2.185	171.3
2.195	173.25
2.205	172.81
2.215	174.98
2.225	172.26
2.235	172.48
2.245	170.39
2.255	170.73
2.265	168.14
2.275	166.63
2.285	167.07
2.295	169.42
2.305	167.16
2.315	168.91
2.325	165.61
2.335	160.06
2.345	162.91
2.495	179.68
3.265	232.45
3.275	228.95
3.285	230.68
3.295	231.73
3.305	231.01
3.315	230.52
3.325	230.74
3.335	228.92
3.345	225.62
3.355	224.33
3.365	221.58
3.375	220.64
3.385	222.29
3.395	223.45
3.405	222.04
3.415	221.86
3.465	220.45
3.475	194.81
3.485	180.87
3.495	177.17
3.505	177.88
3.515	175.52
3.525	175.07
3.535	175.13
3.545	174.78
3.555	173.09
3.565	170.26
3.575	167.02
3.585	168.61
3.595	173.66
3.605	173.2
3.685	190.12
3.695	189.79
3.705	179.47
3.715	176.21
3.725	176.23
3.735	174.38
3.745	171.23
3.755	178.11
3.765	176.29
3.775	175.21
3.785	177.71
3.795	177.29
3.845	188.04
3.855	172.91
3.865	173.66
3.875	171.79
3.885	171.51
3.895	172.91
3.905	171.4
3.915	170.98
3.925	161.84
3.935	166.84
3.945	173.15
3.955	171.31
3.965	166.06
3.975	172.71
3.985	171.28
3.995	167.7
4.005	174.76
4.015	172.23
4.025	166.65
4.035	167.38
4.045	167.55
4.055	168.83
4.065	168.95
4.075	171.45
4.085	172.53
4.095	171.74
4.105	170.87
4.115	174.23
4.125	175.58
4.135	175.83
4.145	173.51
4.155	173.19
4.165	172.04
4.175	172.57
4.185	178.03
4.195	179.21
4.205	178.02
4.215	178.96
4.225	179.32
4.235	179.19
4.245	178.95
4.255	169.51
4.295	192.81
4.305	174.5
4.315	174.79
4.325	173.24
4.335	171.74
4.345	169.09
4.355	168.07
4.365	173.92
4.375	167.99
4.385	171.76
4.395	170.85
4.405	173.64
4.415	183.69
4.425	171.86
4.435	167.38
4.445	165.19
4.455	162.93
4.465	164.55
4.475	166.19
4.485	163.67
4.495	163.82
4.505	164.24
4.515	162.61
4.525	164.92
4.535	162.07
4.545	174.52
4.555	168.53
4.565	164.53
4.575	159.52
4.585	155.31
4.595	168.97
4.605	161.84
4.615	162.03
4.625	159.58
4.635	161.69
4.665	187
4.675	199.31
4.685	169.47
4.695	165.78
4.705	163.97
4.715	165.16
4.725	162.64
4.735	163.55
4.745	162.43
4.755	161.73
4.765	162.19
4.775	161.84
4.785	161.66
4.795	159.51
4.805	159.26
4.815	162.89
4.825	157.23
4.835	151.32
4.845	150.49
4.855	151.78
4.865	165.2
4.875	152.94
5.015	187.16
5.025	183.97
5.035	182.9
5.045	182.12
5.055	181.72
5.065	180.27
5.075	176.03
5.085	171.67
5.475	167.4
5.485	173.78
5.495	170.57
5.505	162.19
5.515	166.81
5.525	164.32
5.535	162.65
5.545	164.66
5.555	170.89
5.565	168.43
5.575	164.62
5.585	163.07
5.595	162.4
5.605	162.86
5.615	160.6
5.625	157.55
5.635	161.87
5.645	162.07
5.655	165.39
5.665	162.71
5.675	162.07
5.685	162.16
5.695	162.11
5.705	164.92
5.715	161.83
5.725	159.44
5.735	158.25
5.845	162.51
5.855	167.87
5.865	169.63
5.875	169.95
5.885	169.43
5.895	168.94
5.905	167.83
6.025	200.56
6.035	175.61
6.045	164.25
6.055	161.54
6.065	161.23
6.075	161.94
6.085	163.8
6.125	181.6
6.135	175.32
6.145	166.5
6.155	164.96
6.165	162.65
6.175	161.97
6.185	159.14
6.195	160.02
6.205	160.73
6.215	162.53
6.225	158.23
6.235	158.7
6.245	160.05
6.255	157.51
6.305	199.9
6.315	166.58
6.325	165.77
6.335	160.59
6.345	163.95
6.355	162.97
6.365	163.27
6.375	161.93
6.385	161.67
6.395	160.03
6.405	160.9
6.415	161.25
6.425	163.08
6.435	159.2
6.445	161.33
6.455	161.26
6.465	160.6
6.475	162.23
6.485	160.43
6.495	161.55
6.505	158.41
6.515	164.65
6.525	166.36
6.535	162.63
6.545	163.17
6.555	160.22
6.565	164.32
6.575	160.46
6.585	162.62
6.595	160.32
6.685	203.85
6.695	186.43
6.705	172.83
6.715	172.65
6.725	170.08
6.735	168.23
6.745	164.95
6.755	165.93
6.765	168.19
6.775	169.3
6.785	175.23
6.795	171.87
6.865	158.39
6.875	180.05
6.885	175.53
6.895	176.27
6.905	176.4
6.915	176.62
6.925	173.54
6.935	172.28
6.945	169.65
6.955	182.1
7.085	180.68
7.095	161.29
7.105	161.68
7.235	192.36
7.245	172.64
7.255	164.39
7.265	163.11
7.275	163.68
7.285	162.79
7.295	162.22
7.305	158.84
7.315	157.22
7.325	160.42
7.335	161.76
7.345	161.9
7.355	161.89
7.365	160.96
7.375	161.48
7.385	159.04
7.395	155.86
7.405	152.96
7.415	149.89
7.425	171.55
7.435	145.44
7.485	144.82
7.495	143.36
7.535	144.43
7.545	151.3
7.555	158.75
7.565	157.58
7.575	160.59
7.585	162.17
7.595	160.12
7.605	159.07
7.615	153.24
7.625	160.9
7.635	160.15
7.645	160.19
7.655	157.4
7.765	145.46
7.775	146.87
7.785	168.76
7.795	177.66
7.895	116.16
8.015	162.46
8.025	162.27
8.035	160.64
8.045	161.76
8.055	168.13
8.225	169.1
8.235	169.29
8.245	161.51
8.255	158.91
8.315	153.95
8.325	154.13
8.335	152.92
8.345	153.21
8.355	150.49
8.365	157.78
8.375	169.82
8.385	171.21
8.395	175.44
8.405	160.45
8.415	155.15
8.425	153.27
8.435	158.53
8.445	158.56
8.455	156.63
8.465	151.14
8.475	158.47
8.485	161.58
8.495	162
8.505	161.62
8.515	160.24
8.525	160.17
8.535	160.42
8.545	160.66
8.555	158.55
8.565	156.73
8.575	156.88
8.585	150.69
8.595	170.02
8.605	159.37
8.615	159.11
8.625	161.8
8.635	161.68
8.645	161.3
8.655	158.89
8.665	159.69
8.675	160.36
8.685	163.11
8.695	163.03
8.705	162.35
8.715	160.47
8.725	162.08
8.735	164.04
8.745	173.83
8.875	191.44
8.885	143.44
8.895	145.96
9.035	153.73
9.045	155.1
9.055	167.68
9.065	168.26
9.075	155.24
9.085	163.52
9.095	159.01
9.105	158.77
9.115	156.95
9.205	171.03
9.215	172.38
9.225	172.07
9.235	166.62
9.245	166.43
9.305	171.94
9.315	186.69
9.325	171.3
9.455	197.6
9.485	172.36
9.495	146.78
9.505	150.82
9.515	151.48
9.525	151.11
9.535	150.47
9.745	189.55
9.755	172.49
9.765	159.39
9.775	159.42
9.785	157.74
9.795	155.11
9.805	161.69
9.815	155.08
9.825	163.25
9.835	170.56
9.845	162.9
9.855	160.05
9.865	159.87
9.875	159.53
9.885	159.45
9.895	159.33
9.905	158.21
9.915	156.43
9.925	155.61
9.935	159.02
9.945	158.27
9.955	157.76
9.965	157.53
9.975	152.53
9.985	158.12
9.995	158.08
10.005	158.71
10.015	160.34
10.025	159.87
10.035	158.56
10.045	156.65
10.055	159.41
10.065	155.45
10.075	155.38
10.085	154.39
10.095	155.09
10.105	155.91
10.115	158.74
10.125	152.95
10.135	159.72
10.275	166.24
10.285	167.7
10.295	160.83
10.305	160.6
10.315	159.84
10.325	159.21
10.335	168.03
10.345	163.28
10.355	159.76
10.365	162.14
10.375	157.31
10.385	158.21
10.395	160.25
10.625	151.89
10.635	158.98
10.645	159.22
10.655	158.95
10.665	160.75
10.675	159.18
10.685	159.84
10.695	158.14
10.705	152.58
10.875	162.53
10.885	161.86
10.895	160.84
10.905	157.83
10.915	162.27
10.925	160.19
10.935	157.02
10.945	160.51
10.955	160.29
10.965	154.47
10.975	157.11
10.985	160.92
11.035	143.09
11.045	150.37
11.055	148.25
11.065	148.66
11.075	151.59
11.085	150.38
11.115	162.71
11.125	152.34
11.135	149.1
11.145	147.59
11.155	148.25
11.165	147.38
11.175	147.45
11.185	148.52
11.195	147.77
11.205	147.89
11.215	151.4
11.225	144.48
11.235	143.34
11.245	142.25
11.255	150.65
11.265	167.73
11.275	167.46
11.285	140.6
11.295	141.42
11.305	137.63
11.315	159.35
11.325	156.64
11.335	155.01
11.345	155.23
11.355	155.02
11.365	154.49
11.375	155.29
11.385	155.99
11.395	156.31
11.405	148.31
11.415	152.69
11.425	154.2
12.395	203.53
12.405	178.42
12.415	166.55
12.425	168.2
12.435	162.36
12.445	160.6
12.455	159.79
12.465	166.28
12.475	161.38
12.485	166.12
12.495	174.59
12.505	157.97
12.545	126.5
12.555	123.81
12.565	139.09
12.575	157.16
12.585	160.79
12.595	161.81
12.605	161.98
12.615	163.14
12.625	162.28
12.635	158.83
12.645	161.61
12.655	162.24
12.665	160.2
12.675	158.78
12.685	163.2
12.695	164.01
12.805	173.92
12.815	157
12.825	148.11
12.925	161.58
12.935	157.22
12.945	159.61
12.955	156.16
12.965	154.56
12.975	159.79
12.985	160.13
12.995	158.95
13.005	160.47
13.195	156.9
13.205	162.25
13.215	157.98
13.225	157.33
13.235	156.32
13.245	155.74
13.255	157.3
13.265	157.03
13.275	157.38
13.285	158.12
13.295	159.26
13.305	158.08
13.315	157.35
13.325	156.65
13.335	157.15
13.345	153.63
13.355	154.13
13.365	152.89
13.375	156.86
13.385	156.48
13.395	159
13.405	166.32
13.415	157.67
13.425	155.89
13.435	156.45
13.445	155.83
13.455	154.88
13.465	157.91
13.475	158.81
13.485	150
13.495	147.25
13.505	142.52
13.655	156.44
13.665	154.82
13.675	157.33
13.685	150.72
13.695	155.96
13.705	155.32
13.715	160.39
13.725	160.1
13.735	158.06
13.835	152.61
13.845	157.73
13.855	156.14
13.865	155.63
13.875	150.11
13.885	155.1
13.895	158.8
13.905	158.22
13.945	187.71
13.955	158.58
13.965	156.47
13.975	154.68
13.985	155.02
13.995	153.15
14.005	153.17
14.015	156.95
14.025	154.46
14.035	153.95
14.045	147.51
14.455	208.66
14.465	222.04
14.475	197.67
14.545	167.15
14.555	146.24
14.565	158.14
14.575	152.72
14.585	152.2
14.595	136.6
14.605	152.43
14.685	162.62
14.695	154.17
14.705	155.23
14.715	154.84
14.725	151.88
14.735	154.04
14.745	155.62
14.755	153.76
14.765	154.4
14.775	151.43
14.785	152.91
14.795	148.69
14.805	150.39
14.815	157.41
14.825	156.27
14.835	154.41
14.845	153.28
14.855	151.86
14.865	150.79
14.875	150.79
14.885	149.59
14.895	150.27
14.905	152.03
14.915	153.57
14.945	179.88
14.955	159
14.965	149.63
14.975	147.12
14.985	147.75
14.995	153.09
15.005	149.09
15.015	144.08
15.025	147.26
15.035	125.97
15.055	150.64
15.065	153.8
15.075	153.71
15.085	154.24
15.095	154.41
15.105	155.2
15.115	155.15
15.125	155.73
15.135	154.11
15.145	153.2
15.155	153.11
15.165	153.47
15.175	152.44
15.185	153.51
15.195	153.84
15.205	154.79
15.215	154.63
15.225	156.32
15.235	156.81
15.245	156.71
15.255	156.04
15.265	154.75
15.275	154.56
15.285	162.35
15.295	158.52
15.575	159.21
15.585	170.16
15.595	159.56
15.605	154.47
15.615	152.39
15.625	150.63
15.635	150.85
15.645	152.9
15.655	152.18
15.665	138.34
15.765	155.37
15.775	151.5
15.785	150.53
15.795	155.71
15.805	156.81
15.815	153.23
15.865	147.81
15.875	154.25
15.885	151.44
15.895	152.6
15.905	154.26
15.915	154.27
15.925	151.63
15.935	152.6
15.945	163.84
15.955	155.02
15.965	165.81
