time	f0
0.565	165.03
0.575	160.48
0.585	147.18
0.595	140.02
0.605	137.18
0.615	135.8
0.625	134.01
0.635	131.85
0.645	130.07
0.655	127.53
0.665	126.65
0.675	125.43
0.685	124.22
0.695	123.57
0.705	123.7
0.715	124.35
0.725	124.39
0.735	120.21
0.745	119.92
0.755	118.16
0.765	117.38
0.775	116.96
0.785	115.88
0.795	114.75
0.805	113.87
0.815	115.44
0.825	111.56
0.835	110.96
0.845	112.74
0.855	107.53
0.865	109.67
0.875	106.41
0.885	105.88
0.895	103.09
0.905	107.39
0.915	104.58
0.925	103.3
0.935	108.39
7.945	188.61
7.955	175.54
7.965	164.89
7.975	160.01
7.985	157.99
7.995	152.56
8.005	149.94
8.015	149.16
8.025	148.98
8.035	148.42
8.045	149.25
8.055	150.71
8.065	150.43
8.075	151.08
8.085	149.83
8.095	150.4
8.105	148.22
8.115	147.71
8.125	146.62
8.135	145.78
8.145	144.76
8.155	143.71
8.165	143.49
8.175	141.42
8.185	140.44
8.195	141.02
8.205	139.54
8.215	138.97
8.225	137.32
8.235	136.22
8.245	136.97
8.255	136.15
8.265	137.47
8.275	135.85
8.285	135.25
8.295	134.82
8.305	133.98
8.315	135.3
8.325	134.32
8.335	134.67
8.345	133.87
8.355	133.4
8.365	132.33
8.375	131.05
8.385	129.56
8.395	125.67
8.405	121.38
8.415	119.42
12.565	196.51
12.575	189.34
12.585	177.32
12.595	176.72
12.605	177.48
12.615	179.95
12.625	183.92
12.635	189.48
12.645	191.95
12.655	191.11
12.665	188.72
12.675	191.76
12.685	198.34
12.695	203.83
12.705	205.85
12.715	202.78
12.725	200.39
12.735	195.88
12.745	191.02
12.755	191.09
12.765	190.73
12.775	185.97
12.785	186.2
12.795	185.3
12.805	184.96
12.815	185.55
12.825	187.41
12.835	199.12
12.845	190.13
12.855	187.63
12.865	185.99
12.875	184.58
12.885	182.1
12.895	180.35
12.905	178.34
12.915	176.12
12.925	172.18
12.935	169.6
12.945	166.93
12.955	164.23
12.965	162.73
12.975	159.18
12.985	151.55
12.995	147.45
13.005	156.3
13.015	163.93
13.045	165.17
13.605	221.73
13.615	228.63
13.625	225.65
13.635	199.72
13.645	181.43
13.655	165.6
13.665	160.83
13.675	156.57
13.685	151
13.695	145.36
13.705	143.41
13.715	141.41
13.725	139.42
13.735	139.7
13.745	140.36
13.755	140.23
13.765	139.64
13.775	139.46
13.785	139.2
13.795	138.56
13.805	137.6
13.815	137.01
13.825	135.67
13.835	133.58
13.845	132.82
13.855	131.56
13.865	130.56
13.875	130.7
13.885	129.1
13.895	129.33
13.905	129.21
13.915	128.79
13.925	128.9
13.935	128.99
13.945	128.27
13.955	128.42
13.965	128.6
13.975	129.08
13.985	128.63
13.995	128.72
14.005	128.41
14.015	127.86
14.025	127.73
14.035	126.95
14.045	125.89
14.055	126.22
14.065	125.87
14.075	125.95
14.085	125.36
14.095	126.1
14.105	125.33
14.115	124.4
14.125	123.19
14.135	122.57
14.145	122.36
14.155	122.27
14.165	123.81
14.175	123.48
14.185	121.62
14.195	121.49
14.205	120.78
14.215	120.46
14.225	117.56
14.235	114.76
14.245	106.35
16.715	160.49
16.725	160.38
16.735	160.69
16.745	159.49
16.755	158.17
16.765	153.99
16.775	157.79
16.785	155.26
16.795	158.42
16.805	129.15
16.915	231.44
16.925	221.94
16.935	208.59
16.945	200.77
16.955	194.73
16.965	189.58
16.975	181.71
16.985	177.59
16.995	172.54
17.005	166.98
17.015	163.41
17.025	157.33
17.035	160.43
17.045	159.46
17.055	157.36
17.065	154.77
17.075	155.28
17.085	156.67
17.095	158.05
17.105	158.83
17.115	166.29
17.125	170.72
17.135	174.51
17.145	176.71
17.155	179.1
17.165	180.13
17.175	180.22
17.185	180.1
17.195	178.36
17.205	177.92
17.215	172.74
17.225	167.62
17.235	170.73
17.245	174.17
17.335	188.03
17.345	190.43
17.355	188.75
17.365	182.49
17.375	181.32
17.385	180.68
17.395	180.22
17.405	176.89
17.415	173.78
17.425	169.89
17.435	167.17
17.445	163.87
17.455	161.96
17.465	160.98
17.475	163.32
17.485	164.46
17.495	165.29
17.505	162.88
17.515	160.8
17.525	156.73
17.535	154.08
17.545	149.09
17.555	148.97
17.565	143.5
17.575	140.36
17.585	139.42
17.595	139.69
17.605	137.16
17.615	132.59
17.625	137.27
17.635	137.31
17.645	137.7
17.655	138.38
17.665	137.98
17.675	138.22
17.685	138.11
17.695	138.17
17.705	137.71
17.715	137.92
17.725	139.35
17.735	140.06
17.745	141.33
17.755	142.9
17.765	143.86
17.775	144.44
17.785	144.07
17.795	146.29
17.805	154.38
17.815	155.82
17.825	159.58
17.835	161.81
17.845	167.87
17.855	169.75
17.865	171.99
17.875	176.67
17.885	180.19
17.895	186.8
17.915	172.33
18.765	150.92
18.775	145.04
18.785	146.25
18.795	146.56
18.845	206.95
18.855	195.81
18.865	177.56
18.875	162.86
18.885	159.66
18.895	146.39
18.905	140.06
18.915	141.74
19.065	208.32
19.075	191.7
19.085	184.2
19.095	179.59
19.105	179.52
19.115	180.83
19.125	181.19
19.135	183.31
19.145	184.29
19.155	187.09
19.165	189.22
19.175	189.93
19.185	189.59
19.195	187.65
19.205	182.05
19.215	187.03
19.225	188.32
19.355	205.56
19.365	196.83
19.375	187.31
19.385	183.68
19.395	181.88
19.405	179.85
19.415	176.18
19.425	171.02
19.435	167.39
19.445	160.47
19.455	146.64
19.465	159.12
19.475	160.2
19.485	158.51
19.495	164.44
19.505	168.42
19.515	164.58
19.525	161.32
19.535	158.91
19.545	156.53
19.555	154.18
19.565	152.05
19.575	149.98
19.585	146.89
19.595	142.51
19.605	145.23
19.615	146.52
19.625	145.08
19.635	144.68
19.645	144.55
19.655	145.46
19.665	144.47
19.675	147.35
20.745	209.16
20.755	189.31
20.765	175.95
20.775	167.05
20.785	161.52
20.795	154.11
20.805	139.48
20.815	136.73
20.955	225.51
20.965	195.4
20.975	183.73
20.985	173.6
20.995	166.4
21.005	159.96
21.015	154.66
21.025	154.05
21.035	147.87
21.045	155.31
21.055	149.29
21.065	153.23
21.075	154.97
21.085	154.42
21.095	150.52
21.105	147.73
21.115	145.67
21.125	144.61
21.135	147.48
21.145	147.26
21.155	147.46
21.165	148.22
21.175	148.45
21.185	145.88
21.195	145.97
21.205	144.56
21.215	145.12
21.225	143.62
21.235	142.56
21.245	146.12
21.255	148.44
21.265	151.83
21.275	153.65
21.285	166.76
21.295	169.13
21.305	173.6
21.315	175.72
21.325	176.97
21.335	178.61
21.345	181.69
21.355	184.95
21.365	191.45
21.375	201.02
21.385	201.89
21.395	199.92
21.405	196.98
21.415	192.48
21.425	181.1
21.435	172.9
21.445	184.02
21.455	191.28
21.535	220.42
21.545	218.53
21.555	192.02
21.565	183.92
21.575	175.42
21.585	173.39
21.595	169.86
21.605	165.67
21.615	157.17
21.625	133.39
21.635	157.42
21.645	158.13
21.655	173.46
21.705	190.71
21.715	171.55
21.725	169.69
21.735	156.35
21.745	147.74
21.755	144.73
21.765	148.84
21.775	147.91
21.785	148.3
21.795	150.87
21.805	154.21
21.815	158.23
21.825	157.78
21.835	156.36
21.845	159.85
21.855	164.3
21.865	165.7
21.875	179.73
22.325	197.98
22.335	186.35
22.345	173.27
22.355	166.19
22.365	159.25
22.375	153.82
22.385	151.78
22.395	151.8
22.405	152.22
22.415	153.5
22.425	155.57
22.435	158.34
22.445	157.7
22.455	157.87
22.465	158.54
22.475	160.04
22.485	163.06
22.495	166.48
22.505	169.72
22.515	171.6
22.525	174.5
22.535	179.17
22.545	184.02
22.555	189.5
22.565	192.22
22.575	195.21
22.585	194.6
22.595	193.23
22.605	192.31
22.615	189.31
22.625	188.84
22.635	184.34
22.645	181.67
22.655	177.66
22.665	172.48
22.675	164.96
22.685	161.31
22.755	160.84
22.765	167.13
22.775	165.65
22.785	162.77
22.795	157.97
22.805	158.48
22.815	157.89
22.825	155.06
22.835	153.32
22.845	152.4
22.855	149.38
22.865	148.25
22.875	145.4
22.885	143.91
22.895	141.19
22.905	138.83
22.915	138.34
22.925	148.63
22.935	145
23.015	193.28
23.025	165.22
23.035	161.33
23.045	158.63
23.055	157.19
23.065	155.73
23.075	157.25
23.085	159.08
23.095	160.54
23.105	162.48
23.115	164.05
23.125	161.88
23.135	161.4
23.145	160.64
23.155	161.65
23.165	161.63
24.235	226.68
24.245	210.29
24.255	198.84
24.265	168.43
24.275	160.12
24.285	154.02
24.295	147.86
24.305	145.28
24.315	143.89
24.325	140.1
24.335	140.51
24.345	145.23
24.355	148.17
24.365	145.66
24.375	142.91
24.385	141.83
24.395	140.77
24.405	140.28
24.415	140.2
24.425	139.71
24.435	138.64
24.445	137.88
24.455	137.57
24.465	138.22
24.475	139.38
24.485	140.18
24.495	140.22
24.505	139.81
24.515	137.67
24.525	136.05
24.535	133.83
24.545	131.76
24.585	171.37
24.595	181.49
24.605	168.26
24.615	167.98
24.625	164.11
24.635	163.93
24.645	161.92
24.655	165.17
24.665	164.63
24.675	163.69
24.685	162.16
24.695	160.16
24.705	157.53
24.715	155.26
24.725	154.85
24.735	152.59
24.745	149.99
24.755	148.69
24.765	148.55
24.775	148.58
24.785	149.45
24.795	149.45
24.805	150.36
24.815	150.27
24.825	151.43
24.835	151.58
24.845	152.08
24.855	153.02
24.865	152.83
24.875	152.05
24.885	151.3
24.895	148.98
24.905	147.81
24.915	145.74
24.925	144.36
24.935	142.64
24.945	141.5
24.955	140.77
24.965	139.51
24.975	138.46
24.985	135.63
24.995	135.82
25.005	134.03
25.015	131.58
25.025	129.53
25.035	129.9
25.045	129.01
25.055	126.72
25.065	126.96
25.075	125.14
25.085	123.27
25.095	122.6
25.105	120.85
25.115	124.05
25.125	126.54
25.135	124.73
25.815	173.71
25.825	163.87
25.835	159.96
25.845	158.07
25.855	156.71
25.865	157.97
25.875	156.29
25.885	156.61
25.895	155.1
25.905	146.2
25.915	155.92
25.925	162.16
26.085	192.2
26.095	178.59
26.105	163.09
26.115	153.21
26.125	145.74
26.135	139.85
26.145	137.54
26.155	131.08
26.165	121.42
26.175	112.91
26.185	112.26
26.195	109.49
26.205	107.73
26.215	118.6
26.225	117.09
26.235	130.36
26.245	142.67
26.255	152.51
26.265	154.52
26.275	153.61
26.285	155.91
26.295	159.37
26.305	160.76
26.315	158.74
26.325	166
26.335	169.84
26.345	169.3
26.355	167.81
26.365	165.58
26.375	162.39
26.385	155.68
26.395	154.47
26.405	152.72
26.415	150.84
26.425	147.54
26.435	141.04
26.445	138.82
26.455	136.52
26.465	134.08
26.475	127.93
26.485	135.37
26.495	130.34
26.505	131.08
26.515	140.04
26.525	132.02
26.535	137.41
28.415	180.27
28.425	172.7
28.435	164.49
28.445	156.58
28.455	148.4
28.465	149.03
28.475	148.78
28.485	148.69
28.495	146.49
28.505	144.26
28.515	140.61
28.525	136.79
28.535	132.9
28.585	141.56
28.595	141.24
28.645	228.76
28.655	201.26
28.665	196.47
28.675	192.68
28.685	188.69
28.695	186.01
28.705	186.25
28.715	186.13
28.725	186.43
28.735	182.05
28.745	179.81
28.755	184.23
28.765	184
28.835	192.51
28.845	182.42
28.855	180.22
28.865	176.18
28.875	173.71
28.885	171.16
28.895	169.23
28.905	167.51
28.915	166.08
28.925	165.04
28.935	164.47
28.945	163.54
28.955	161.75
28.965	160.11
28.975	158.05
28.985	156.5
28.995	156.24
29.005	158.39
29.015	157.35
29.025	155.36
29.035	152.23
29.045	144.99
29.055	134.54
29.175	198.11
29.185	192.89
29.195	192.03
29.205	178.03
29.215	172.35
29.225	159.01
29.235	149.83
29.245	143.33
29.255	141.36
29.265	136.44
29.275	128.86
29.285	132.52
29.295	139.24
29.305	148.62
29.315	150.9
29.325	149.14
29.335	146.28
29.345	144.05
29.355	142.29
29.365	139.05
29.375	134.01
29.385	143.1
29.395	143.31
29.405	143.27
29.415	142.05
29.425	141.73
29.435	140.95
29.445	140.74
29.455	139.53
29.465	139.86
29.475	142.88
29.485	148.92
29.495	149.35
29.505	158.11
29.515	166.75
29.525	172.07
29.535	175.58
29.545	179.27
29.555	183.37
29.565	184.5
29.575	185.48
29.585	185.17
29.595	184.01
29.605	181.96
29.615	177.74
29.625	180.65
29.635	179.58
29.725	190
29.735	182.41
29.745	177.29
29.755	175.57
29.765	163.65
29.775	162.46
29.785	161.08
29.795	157.59
29.805	154.15
29.815	151.91
29.825	146.26
29.835	142.71
29.845	144.21
29.855	147.07
29.865	148.07
29.875	145.31
29.885	144.1
29.895	143.39
29.905	140.97
29.915	140
29.925	139.04
29.935	138.86
29.945	138.22
29.955	141.64
29.965	142.06
29.975	143.45
29.985	143.01
29.995	145.53
30.005	146.16
30.015	148.21
30.025	148.05
30.035	145.53
30.285	220.39
30.295	188.4
30.305	185.62
30.315	184.14
30.325	184.57
30.335	182.59
30.345	181.63
30.355	180.96
30.365	181.6
30.375	182.37
30.385	181.86
30.395	182.33
30.405	180.49
30.415	175.79
30.425	179
30.435	183.83
30.445	183.07
30.455	183.31
30.465	183.37
30.725	218.24
30.735	173.45
30.745	162.12
30.755	148.53
30.765	142.88
30.775	140.37
30.785	140.02
30.795	140.65
30.805	137.76
30.815	135.41
30.825	134.73
30.835	134.73
30.845	132.78
30.855	128.61
30.865	128.93
30.875	129.09
30.885	129.28
30.895	127.52
30.905	127.91
30.915	126.39
30.925	126.43
30.935	125.51
30.945	124.83
30.955	124.21
30.965	124.1
30.975	123.32
31.925	198.28
31.935	174.49
31.945	153.32
31.955	144.93
31.965	145.55
31.975	145.71
31.985	144.98
31.995	145.45
32.005	145.13
32.015	146.02
32.025	147.93
32.035	151.11
32.045	152.04
32.055	152.27
32.065	152.43
32.075	152.59
32.085	152.55
32.095	153.16
32.105	154.13
32.115	154.81
32.125	155.46
32.135	155.81
32.145	157.22
32.155	158.33
32.165	158.56
32.175	160.15
32.185	160.47
32.195	161.5
32.205	162.32
32.215	163.34
32.225	164.06
32.235	163.56
32.245	162.25
32.255	161.29
32.265	160.89
32.275	159.65
32.285	157.7
32.295	155.72
32.305	154.42
32.315	154.44
32.325	154.27
32.335	156.15
32.345	160.41
32.355	165.58
32.365	171.38
32.375	175.54
32.385	179.43
32.395	177.25
32.405	175.68
32.415	175.8
32.425	177.46
32.435	178.87
32.445	182.22
32.455	184.77
32.465	185.31
32.475	182.69
32.485	180.12
32.495	177.72
32.505	174.58
32.515	167.4
32.525	166.81
32.535	163.59
32.545	163.42
32.555	162.67
32.565	157.75
32.575	154.54
32.585	150.23
32.595	150.42
32.605	150.58
32.615	150.09
32.625	146.79
32.635	146.82
32.645	144.05
32.655	142.02
32.665	139.74
32.675	141.56
32.685	139.44
32.695	135.74
32.705	131.95
32.715	126.62
32.725	118.7
32.835	182.47
32.845	176.8
32.855	167.48
32.865	166.8
32.875	168.4
32.885	171.67
32.895	174.19
32.905	175.97
32.915	175.45
32.925	170.68
32.935	163.64
32.945	162.12
33.055	190.28
33.065	191.34
33.075	167.39
33.085	147.27
33.095	143.44
33.105	138.81
33.115	136.47
33.125	133.69
33.135	138.37
33.145	137.55
33.155	138.3
33.165	137.13
33.175	135.62
33.185	134.84
33.195	135
33.205	135.36
33.215	133.13
33.225	134.67
33.235	133.56
33.245	133.97
33.335	188.48
33.345	152.78
33.355	139.31
33.365	131.99
33.375	131.76
33.475	186.75
33.485	159.54
33.495	151.04
33.505	142.1
33.515	139.55
33.525	136.47
33.535	134.31
33.545	132.55
33.555	133.08
33.565	133.96
33.575	122.9
33.585	130.61
33.595	132.1
33.605	129.46
33.615	130.39
33.625	131.3
33.635	130.22
33.645	130.32
33.655	127.27
33.665	122.21
33.675	117.41
33.805	204.57
33.815	194.74
33.825	186.16
33.835	170.05
33.845	167.44
33.855	160.66
33.865	153.77
34.025	182.15
34.035	168.98
34.045	146.02
34.055	141.41
34.065	137.3
34.075	136.23
34.085	131.79
34.095	129.64
34.105	128.76
34.115	137.61
34.125	135.92
34.135	133.56
35.325	222.59
35.335	201.53
35.345	183.08
35.355	162.73
35.365	152.93
35.375	147.07
35.385	145.19
35.395	143.26
35.405	141.35
35.415	139.86
35.425	138.71
35.435	137.88
35.445	136.38
35.455	134.83
35.465	134.28
35.475	135.29
35.485	135.23
35.495	133.99
35.505	133.04
35.515	132.92
35.525	132.27
35.535	131.56
35.545	131.6
35.555	130.95
35.565	130.65
35.575	130.03
35.585	129.93
35.595	130.1
35.605	129.48
35.615	129.4
35.625	129.35
35.635	129.55
35.645	129.11
35.655	128.93
35.665	128.04
35.675	127.87
35.685	127.59
35.695	126.67
35.705	127.03
35.715	126.34
35.725	125.78
35.735	125.91
35.745	125.41
35.755	125.13
35.765	125.11
35.775	123.97
35.785	124.19
35.795	124.49
35.805	124.06
35.815	124.45
35.825	124.62
35.835	124.17
35.845	124.45
35.855	124.36
35.865	123.81
35.875	123.58
35.885	123.32
35.895	123.46
35.905	123.68
35.915	123.05
35.925	123.76
35.935	123.5
35.945	122.47
35.955	122.06
35.965	121.72
35.975	120.99
35.985	120.52
35.995	120.97
36.005	120.28
36.015	120.05
36.025	119.62
38.475	240.52
38.485	220.21
38.495	200.89
38.505	194.58
38.515	178.77
38.525	168.12
38.535	162.75
38.545	159.06
38.555	156
38.565	153.6
38.575	152.02
38.585	149.64
38.595	148.21
38.605	153.38
38.615	152.04
38.625	155.25
38.635	156.96
38.645	152.92
38.655	148.78
38.665	146.44
38.675	143.99
38.685	140.33
38.695	138.24
38.705	125.84
38.785	181.46
38.795	193.33
38.805	169.74
38.815	166.17
38.825	164.74
38.835	162.99
38.845	162.57
38.855	161.53
38.865	159.3
38.875	157.37
38.885	155.87
38.895	156.34
38.905	156.84
38.915	156.44
38.925	154.8
38.935	151.86
38.945	150.74
38.955	148.65
38.965	145.04
38.975	140.48
38.985	135.53
38.995	133.16
39.005	134.46
39.015	134.36
39.025	135.32
39.035	137.55
39.045	142.78
39.055	147.46
39.065	148.99
39.075	150.71
39.085	147.17
39.095	146.88
39.105	148.24
39.115	145.8
39.125	144.79
39.135	144.67
39.145	142.49
39.155	141.47
39.165	140.24
39.175	137.73
39.185	132.86
39.195	136.95
39.205	141.18
39.215	141.31
39.225	137.56
39.235	144.1
39.245	147.2
39.255	142.57
39.265	136.73
39.275	134.18
39.285	128.68
39.295	122.19
39.305	120.59
39.445	152.06
39.455	145.85
39.465	143.63
39.475	142.78
39.485	142.81
39.495	143.06
39.505	143.43
39.515	148.66
39.525	154.13
39.535	166.1
39.545	172.74
39.555	184.84
39.565	193.22
39.575	201.43
39.585	203.25
39.595	202.71
39.605	205.54
39.615	206.24
39.625	204.36
39.635	201.03
39.645	197.09
39.655	191.11
39.665	181.51
39.675	177.39
39.685	162.38
39.695	155.51
39.705	144.9
39.715	144.75
39.725	141.52
39.735	140.99
39.745	137.98
39.755	134.37
39.765	133.3
39.775	132.49
39.785	132.84
39.795	133.5
39.805	134.34
39.815	135.62
39.825	137.66
39.835	139.72
39.845	140.5
39.855	142.04
39.865	143.28
39.875	147.93
39.885	147.54
39.895	149.21
39.905	148.47
39.915	144.25
39.925	140.94
39.935	136.85
40.005	166.85
40.015	159.66
40.025	152.65
40.035	150.52
40.045	149.1
40.055	148.39
40.065	147.33
40.075	146.94
40.085	145.64
40.095	145.11
40.105	144.46
40.115	142.26
40.125	143.15
40.135	140.99
40.145	142.01
40.155	144.29
40.165	142.39
40.175	151.26
40.185	148.9
40.195	152.29
40.205	159.5
40.215	143.24
40.225	131.89
40.235	128.82
40.245	119.35
40.345	163.72
40.355	164.57
40.365	162.61
40.375	162.86
40.385	164.42
40.395	167
40.405	167.92
40.415	163.97
40.425	159.49
40.435	146.25
40.515	177.49
40.525	176.07
40.535	155.78
40.545	150.3
40.555	139.48
40.565	143.69
40.575	141.96
40.585	140.34
40.595	140.79
40.605	140.28
40.615	141.92
40.625	143.77
40.635	149.73
40.645	151.76
40.655	153.2
40.665	154.83
40.675	156.22
40.685	158.31
40.695	158.28
40.705	155.81
40.715	157.17
40.725	155.51
40.735	152.6
40.745	152.4
40.755	150.89
40.765	150.71
40.775	147.12
40.785	148.43
40.795	150.23
40.805	150.16
40.815	151.08
40.825	152.83
40.835	155.57
40.845	156.29
40.855	156.57
40.865	155.76
40.875	155.23
40.885	153.84
40.895	150.15
40.905	147.45
40.915	144.52
40.925	142.11
40.935	139.72
40.945	137.56
40.955	136.63
40.965	134.87
40.975	134.51
40.985	139.01
40.995	139.23
41.005	137.95
41.855	207.69
41.865	195.36
41.875	168.3
41.885	170.29
41.895	177.98
41.905	179.3
41.915	179.64
41.925	180.53
41.935	179.27
41.945	177.99
41.955	174.4
41.965	170.04
41.975	167.64
41.985	163.26
41.995	154.66
42.005	146.13
42.015	145.52
42.025	140.84
42.035	136.49
42.045	134.64
42.055	131.14
42.065	130.52
42.075	127.62
42.085	129.61
42.095	128.95
42.105	128.49
42.115	129.73
42.125	129.32
42.135	129.13
42.145	127.2
42.155	125.68
42.165	122.95
42.175	122.44
42.185	121.5
42.195	119.2
42.205	118.35
42.215	116.56
42.445	147.3
42.455	137.85
42.465	139.04
42.475	136.87
42.485	135.53
42.495	136.69
42.505	136.22
42.515	136.79
42.525	134.53
42.535	134.25
42.545	133.71
42.555	132.99
42.565	134.5
42.575	133.38
42.585	133.54
42.595	134.22
42.605	133.93
42.615	132.62
42.625	133.79
42.635	128.96
42.785	189.88
42.795	167.18
42.805	155.34
42.815	146.1
42.825	139.66
42.835	133.58
42.845	139.87
42.855	136.59
42.865	137.48
42.875	136.4
42.885	134.13
42.895	132.76
42.905	132.36
42.915	131.26
42.925	129.16
42.935	130.26
42.945	129.81
42.955	129.6
42.965	146.8
42.975	148.99
42.985	136.37
42.995	134.51
43.005	133.23
43.015	134.1
43.025	135.82
43.035	138.44
43.045	140.15
43.055	141.07
43.065	142.55
43.075	145.24
43.085	148.59
43.095	150.59
43.105	152.76
43.115	157.89
43.125	162.04
43.135	165.26
43.145	168.68
43.155	171.61
43.165	171.17
43.175	168.37
43.185	162.17
43.195	136.23
43.205	146
43.305	184.59
43.315	179.99
43.325	169.07
43.335	160.78
43.345	150.95
43.355	150.09
43.365	148.83
43.375	147.91
43.385	148.69
43.395	149.71
43.405	147.9
43.415	145.94
43.425	144.69
43.435	143.43
43.445	141.12
43.455	133.01
43.465	132.79
43.475	141.43
43.485	141.12
43.495	139.83
43.505	137.18
43.515	132.67
43.525	127.13
43.535	121.34
43.545	117.51
43.675	182.9
43.685	167.47
43.695	159.41
43.705	152.3
43.715	150.85
43.725	151
43.735	151
43.745	149.82
43.755	150.94
43.765	152.38
43.775	153.33
43.785	153.59
43.795	154.81
43.805	155.19
43.815	155
43.825	153.49
43.835	137.76
43.845	152.16
43.855	154.81
43.865	153.74
43.965	155.5
43.975	149.06
43.985	147.03
43.995	144.81
44.005	143.8
44.015	142.88
44.025	140.68
44.035	136.39
44.045	132.29
44.055	143.04
44.065	141.15
44.075	135.5
44.085	144.84
44.095	143.25
44.105	159.97
44.115	153.74
44.125	154.44
44.135	143.31
44.145	135.8
44.155	132.76
44.165	131.11
44.175	129.42
44.185	129.89
44.195	129.35
44.205	127.4
44.215	127.04
44.225	127.56
44.235	127.79
44.245	126.07
44.255	125.15
45.045	210.46
45.055	207
45.065	189.55
45.075	158.87
45.085	153.29
45.095	151.9
45.105	148.65
45.115	146.79
45.125	145.34
45.135	144.34
45.145	144.97
45.155	145.54
45.165	143.82
45.175	142
45.185	141.59
45.195	140.48
45.205	139.23
45.215	138.94
45.225	138.38
45.235	137.67
45.245	138.59
45.255	136.39
45.265	136.61
45.275	135.47
45.285	133.96
45.295	132.83
45.305	131.32
45.315	130.06
45.325	131.06
45.335	129.91
45.345	130.69
45.355	129.15
45.365	128.42
45.375	126.64
45.385	125.68
45.395	125
45.405	125.96
45.415	124.7
45.425	124.21
45.435	123.48
45.445	122.02
45.455	122.19
45.465	121.64
45.475	122.25
45.485	122.5
45.495	120.53
45.505	120.64
45.515	120.02
45.525	120.35
45.535	120.4
45.545	119.91
45.555	119.94
45.565	119.57
45.575	120.25
45.585	121.31
45.595	119.87
45.605	119.73
45.615	118.24
45.625	117.64
45.635	112.97
46.905	152.99
46.915	137.98
46.925	154.16
46.935	144.18
46.945	141.51
46.955	140.5
46.965	139.65
46.975	144.93
46.985	141.37
46.995	133.01
47.005	131.37
47.055	199.62
47.065	198.56
47.075	178.21
47.085	165.17
47.095	165.9
47.105	166.4
47.115	167.14
47.125	169.01
47.135	171.75
47.145	173.52
47.155	173.6
47.165	172.51
47.175	170.34
47.185	165.22
47.195	162.1
47.205	159.8
47.215	153.51
47.225	149.04
47.235	144.64
47.245	142.34
47.255	137.49
47.265	133.14
47.275	123.96
47.285	123.82
47.415	163.46
47.425	171.61
47.435	153.7
47.445	142.91
47.455	134.95
47.465	133.18
47.475	130.77
47.485	112
47.495	135.36
47.505	139.52
47.515	132
47.545	193.94
47.555	198.89
47.565	187.78
47.575	169.59
47.585	156.66
47.595	154.71
47.605	149.29
47.615	146.37
47.625	144.65
47.635	144.38
47.645	145.8
47.655	146.66
47.665	146.72
47.675	147.72
47.685	145.44
47.695	147.07
47.705	148.49
47.715	144.76
47.725	134.62
47.795	187.49
47.805	172.22
47.815	151.1
47.825	147.82
47.835	150.56
47.845	152.08
47.855	154.78
47.865	153
47.875	165.56
47.885	147.91
47.895	152.48
47.905	153.48
47.915	151.79
47.925	150.4
47.935	149.81
47.945	149.26
47.955	150.14
47.965	151.88
47.975	154.39
47.985	154.84
47.995	161.31
48.005	166.22
48.015	169.29
48.025	171.22
48.035	165.87
48.045	166.15
48.055	171.14
48.065	184.27
48.105	198.74
48.115	192.2
48.125	176.74
48.135	162.77
48.145	141.19
48.155	136.12
48.165	133.59
48.175	130.99
48.185	128.47
48.195	123.95
48.205	128.37
48.215	125.71
48.225	121.96
48.235	121.51
48.245	115.63
48.255	133.86
48.265	138.68
48.275	127.26
48.285	127.34
48.295	127.55
48.305	130.12
48.315	132.06
48.325	133.42
48.335	134.81
48.345	136.57
48.355	137.27
48.365	137.89
48.375	136.09
48.385	135.25
48.395	133.02
48.405	128.03
48.415	122.78
48.425	120.68
48.435	117.65
48.445	120.16
48.455	121.32
48.465	126.2
48.475	134.68
48.485	141.54
48.495	145.41
48.505	148.63
48.515	152.19
48.525	154.57
48.535	155.23
48.545	151.99
48.555	151.25
48.565	150.15
48.575	147.87
48.585	144.61
48.595	140.27
48.605	138.55
48.615	128.4
48.625	126.88
48.635	124.11
49.875	180.12
49.885	168.99
49.895	154.38
49.905	135.83
49.915	139.08
49.925	133.44
49.935	149.61
49.945	148.33
49.955	143.25
49.965	138.79
49.975	132.21
49.985	130.21
49.995	130.54
50.005	130.89
50.015	132.54
50.025	136.24
50.035	141.1
50.045	142.5
50.055	142.17
50.065	143.27
50.075	135.66
50.085	142.82
50.095	141.93
50.105	141.46
50.115	140.52
50.125	141.32
50.135	145.96
50.145	143.94
50.155	142.96
50.165	141.58
50.175	137.9
50.185	127.99
50.195	127.45
50.265	183.72
50.275	181.9
50.285	163.79
50.295	160.8
50.305	158.97
50.315	155.73
50.325	153.08
50.335	150.78
50.345	148.99
50.355	146.47
50.365	142.88
50.375	141.1
50.385	142.52
50.395	140.69
50.405	142.44
50.415	143.32
50.425	143.21
50.435	142.52
50.445	140.86
50.455	140.95
50.465	141.03
50.475	141.34
50.485	138.89
50.495	137.92
50.505	137.81
50.515	137.03
50.525	136.23
50.535	135.19
50.545	135.47
50.555	128.73
50.565	137.02
50.575	141.31
50.585	144.08
50.595	160.14
50.605	160.15
50.615	160.71
50.625	167.09
50.635	169.16
50.645	172.28
50.655	174.83
50.665	175.12
50.675	176.02
50.685	175.68
50.695	174.8
50.705	172.47
50.715	166.63
50.725	166.48
50.855	182.01
50.865	164.74
50.875	161.47
50.885	155.66
50.895	151.21
50.905	151.03
50.915	150.91
50.925	151.23
50.935	152.44
50.945	150.13
50.955	150.18
50.965	149.92
50.975	149.61
50.985	145.54
50.995	145.3
51.005	140.27
51.015	131.12
51.025	119.86
51.035	117.38
51.165	163.47
51.175	148.61
51.185	140.98
51.195	139.42
51.205	140.4
51.215	141.29
51.225	143.34
51.235	147.99
51.245	153.21
51.255	157.46
51.265	169.18
51.275	171.47
51.285	177.52
51.295	183.37
51.305	184.12
51.315	183.09
51.325	180.56
51.335	177.31
51.345	170.87
51.355	163.02
51.365	158.76
51.375	143.87
51.385	139.23
51.395	137.39
51.405	136.01
51.415	138.1
51.425	137.08
51.435	131.94
51.445	129.41
51.455	127.31
51.465	125.87
51.475	124.83
51.485	124.93
51.495	124.43
51.505	125.45
51.515	125.81
51.525	127.82
51.535	128.42
51.545	128.26
51.555	127.7
51.565	125.13
51.575	130.36
51.585	132.99
51.595	133.49
51.605	134.62
51.615	135.4
51.625	135.91
51.635	136.42
51.645	137.17
51.655	136.03
51.665	138.67
51.675	136.93
51.685	136.34
53.815	164.99
53.825	167.41
53.835	145.51
53.845	141.86
53.855	142.75
53.865	140.96
53.875	145.16
53.885	154.87
53.895	160.21
53.905	164.36
53.915	164.41
53.925	165.05
53.935	167.15
53.945	171.35
53.955	177.29
53.965	186.1
53.975	191.96
53.985	198.18
53.995	201.88
54.005	202.61
54.015	205.27
54.025	204.17
54.035	201.55
54.045	200.18
54.055	193.61
54.065	185.17
54.075	184.71
54.085	178.93
54.095	177.94
54.105	174.76
54.115	173.3
54.125	170.69
54.135	167.81
54.145	163.28
54.155	160.89
54.165	159.51
54.175	159.1
54.185	159.76
54.195	160.6
54.205	162.71
54.215	164.25
54.225	167.36
54.235	170.83
54.245	173.51
54.255	178.41
54.265	183.53
54.275	184.82
54.285	184.68
54.295	183.54
54.305	183.03
54.315	180.26
54.325	180.01
54.335	182.61
54.345	181.69
54.355	172.67
54.485	183.34
54.495	161.91
54.505	152.23
54.515	144.39
54.525	143.26
54.535	140.43
54.545	139.38
54.555	140.37
54.565	140.47
54.575	139.45
54.585	137.42
54.595	135.71
54.605	135.14
54.615	134.52
54.625	133.88
54.635	134
54.645	134.33
54.655	133.52
54.665	133.16
54.675	132.97
54.685	133.11
54.695	133
54.705	131.54
54.715	131.66
54.725	131.38
54.735	131.2
54.745	131.32
54.755	131.08
54.765	130.78
54.775	131.06
54.785	131.54
54.795	132.83
56.705	240.96
56.715	208.53
56.725	178.09
56.735	168.69
56.745	157.45
56.755	157.82
56.765	152.98
56.775	152.78
56.785	154.46
56.795	159.39
56.805	157.24
56.815	161.18
56.825	166.98
56.835	174.45
56.845	177.79
56.855	181.09
56.865	183.37
56.875	185.14
56.885	184.97
56.895	183.69
56.905	181.7
56.915	177.34
56.925	170.17
56.935	170.78
56.945	171.12
57.045	188.14
57.055	200.91
57.065	183.26
57.075	176.06
57.085	173.9
57.095	173.37
57.105	172.17
57.115	171.33
57.125	168.99
57.135	167.32
57.145	164.87
57.155	162.06
57.165	158.78
57.175	156.01
57.185	154.43
57.195	153.29
57.205	149.4
57.215	143.74
57.225	141.99
57.235	139.85
57.245	134.98
57.255	134.85
57.265	149.86
57.275	155.54
57.285	159.57
57.295	161.45
57.305	162.48
57.315	163.67
57.325	165.7
57.335	167.32
57.345	167.6
57.355	167.81
57.365	166.1
57.375	162.85
57.385	159.16
57.395	155.01
57.405	155.72
57.415	152.64
57.425	152.43
57.435	157.47
57.445	157.86
57.455	158.43
57.465	155.86
57.475	151.35
57.485	143.95
57.495	138.13
57.595	174.51
57.605	185.21
57.615	182.06
57.625	167.7
57.635	163.83
57.645	168.68
57.655	171.56
57.665	170.95
57.675	172.02
57.685	172.83
57.695	172.19
57.705	170.38
57.715	168.9
57.725	168.47
57.735	167.46
57.745	160.65
57.755	157.53
57.765	156.81
57.775	157.43
57.785	156.52
57.795	157.3
57.805	154.65
57.815	153.65
57.825	156.2
57.835	152.59
57.845	153.51
57.855	153.55
57.865	154.79
57.875	158.34
57.885	165.46
57.895	173.47
57.905	178.68
57.915	187.82
57.925	194.95
57.935	203.51
57.945	201.85
57.955	197.91
57.965	190.3
57.975	177.29
57.985	172.96
57.995	165.37
58.005	160.47
58.015	154.85
58.025	146.38
58.035	138.11
58.045	132.79
58.055	128.63
58.065	127.18
58.075	124.57
58.085	123.5
58.095	123.25
58.105	122.09
58.115	121.43
58.125	121.47
58.135	121.25
58.145	121.18
58.155	121.92
58.165	121.3
58.175	120.7
58.185	121.09
58.195	122.3
58.205	122.31
58.215	121.68
58.225	121.95
58.235	120.86
58.245	121.55
59.195	173.86
59.205	156.58
59.215	145.08
59.225	132.91
59.285	179.35
59.295	175.42
59.305	174.34
59.315	171.38
59.325	168.21
59.335	166.49
59.345	165.34
59.355	164.79
59.365	161.72
59.375	158.37
59.385	154.16
59.395	148.58
59.405	146.67
59.415	143.84
59.425	157.44
59.435	149.78
59.445	153.43
59.455	170.66
59.465	178.73
59.475	179.85
59.485	178.62
59.495	173.67
59.505	172.38
59.515	171.6
59.525	167.8
59.535	165.55
59.545	162.74
59.555	158.75
59.565	157.28
59.575	157.53
59.585	157.07
59.595	158.4
59.605	152.53
59.615	156.4
59.625	159.35
59.635	156.15
59.645	152.11
59.655	148.6
59.665	151.18
59.675	148.78
59.685	147.29
59.695	146.41
59.705	145.19
59.715	144.17
59.725	144.18
59.735	144.21
59.745	146.32
59.755	147.9
59.765	149.55
59.775	148.04
59.785	147.64
59.795	148.58
59.805	150.74
59.815	153.82
59.825	157.21
59.835	157.61
59.845	161.95
59.855	166.58
59.865	166.89
59.875	165.46
59.885	157.75
59.895	148.47
59.905	144.22
60.105	202.29
60.115	205.52
60.125	192.2
60.135	186.43
60.145	177.38
60.155	175.85
60.165	174.58
60.175	173.74
60.185	179.34
60.195	184.65
60.205	193.58
60.215	204.15
60.225	208.06
60.235	198.43
60.245	196.11
60.255	196.08
60.265	193.96
60.275	194.45
60.285	188.19
60.295	174.47
60.305	172.94
60.315	163.76
60.325	167.07
60.335	186.41
60.345	184.33
60.355	197.1
61.425	187.95
61.435	189.59
61.445	179.24
61.455	167.38
61.465	153.55
61.475	145.59
61.485	142.55
61.495	139.89
61.505	129.4
61.515	123.02
61.625	187.58
61.635	186.38
61.645	171.86
61.655	162.39
61.665	156.22
61.675	153.22
61.685	152.46
61.695	153.36
61.705	154.52
61.715	155.86
61.725	157.72
61.735	160.25
61.745	161.63
61.755	162.41
61.765	162.77
61.775	161.12
61.785	159.43
61.795	161.7
61.805	159.65
61.815	158.98
61.825	160.95
61.905	157.61
61.915	168.43
61.925	167.52
61.935	162.62
61.945	159.09
61.955	155.09
61.965	152.99
61.975	149.75
61.985	149.87
61.995	145.99
62.005	144
62.015	143.94
62.025	144.72
62.035	146.39
62.045	146.89
62.055	146.83
62.065	145.66
62.075	142.86
62.085	139.45
62.095	135.29
62.105	131.6
62.115	129.03
62.125	124.76
62.135	126.74
62.145	124.92
62.155	126.6
62.165	126.51
62.175	132.37
62.185	129.4
62.195	128.53
62.205	127.55
63.215	154.96
63.225	145.9
63.235	146.41
63.245	146.79
63.255	145.54
63.265	143.64
63.275	143.83
63.285	143.8
63.295	142.42
63.305	140.23
63.315	138.32
63.325	137.25
63.335	134.97
63.345	135.74
63.355	135.47
63.365	134.2
63.375	132.15
63.385	130.62
63.395	130.88
63.405	130.51
63.415	130.35
63.425	129.33
63.435	129.35
63.445	128.61
63.455	128.41
63.465	127.94
63.475	128.83
63.485	128.72
63.495	128.3
63.505	127.25
63.515	126.8
63.525	125.91
63.535	126.27
63.545	126.49
63.555	126.72
63.565	125.9
63.575	125.68
63.585	125.74
63.595	125.04
63.605	124.93
63.615	124.75
63.625	124.48
63.635	124.37
63.645	123.86
63.655	124.18
63.665	123.95
63.675	122.47
63.685	122.45
63.695	122.15
63.705	121.81
63.715	121.24
63.725	122
63.735	122.92
63.745	122.93
63.755	122.65
63.765	121.63
63.775	120.95
63.785	122.09
67.355	192.41
67.365	191.45
67.375	183.45
67.385	171.39
67.395	172.19
67.405	170.24
67.415	169.11
67.425	167.89
67.435	169.21
67.445	169.46
67.455	173.15
67.465	174.21
67.475	174.37
67.485	170.3
67.495	168.91
67.505	167.09
67.515	160.33
67.525	156.23
67.535	150.66
67.545	149.2
67.555	148.37
67.565	149.33
67.575	149.49
67.585	149.05
67.595	149.36
67.605	150.71
67.615	153.97
67.625	158.24
67.635	160.16
67.645	161.38
67.655	162.04
67.665	160.62
67.675	149.55
67.685	151.23
67.695	147.85
67.705	146.62
67.715	150.68
67.725	155.31
67.735	159.96
67.745	164.81
67.755	168.36
67.765	170.97
67.775	172.36
67.785	173.1
67.795	170.43
67.805	169.33
67.815	166.39
67.825	162.15
67.835	153.65
67.845	148
67.855	143.53
67.865	148.15
67.875	146
67.885	135.42
67.895	135.25
67.905	133.15
67.915	135.75
67.925	134.92
67.935	134.24
67.945	133.06
67.955	131.43
67.965	130.49
67.975	137.81
67.985	140.01
67.995	137.74
68.005	134.55
68.015	130.11
68.025	129.62
68.035	124.93
68.045	131.49
68.175	193.79
68.185	188.42
68.195	164.74
68.205	161.93
68.215	156.21
68.225	155.07
68.235	151.44
68.245	148.35
68.255	145.48
68.265	138.78
68.275	133
68.285	128.63
68.295	123.42
68.305	126.64
68.315	140.96
68.325	139.03
69.125	156.27
69.135	145.89
69.145	140.66
69.155	139.1
69.165	136.13
69.175	136.07
69.185	132.09
69.195	135.04
69.205	134.51
69.215	134.8
69.225	130.34
69.235	130.29
69.245	130.11
69.255	131.17
69.265	133.36
69.275	134.8
69.285	139.23
69.295	143.27
69.305	146.48
69.315	149.41
69.325	151.46
69.335	154.48
69.345	158.84
69.355	158.36
69.365	158.09
69.375	155.9
69.385	156.23
69.395	155.92
69.405	157.36
69.415	157.14
69.425	157.59
69.435	158.82
69.445	159.08
69.455	158.93
69.465	158.71
69.475	157
69.485	154.58
69.495	153.39
69.505	150.63
69.515	149.4
69.525	147.4
69.535	145.63
69.545	144.2
69.555	142.09
69.565	141.07
69.575	139.74
69.585	139.09
69.595	137.58
69.605	134.86
69.615	133.18
69.625	132.67
69.635	132.62
69.645	129.78
69.655	129.12
69.665	128.26
69.675	126.7
69.685	126.07
69.695	125.4
69.705	124.82
69.715	124.27
69.725	124.09
69.735	124.18
69.745	123.27
69.755	119.84
69.765	124.89
69.775	125.93
69.785	125.53
69.795	123.59
69.805	123.35
70.005	205.14
70.015	191.94
70.025	156.19
70.035	145.22
70.045	139.68
70.055	136.94
70.065	134.48
70.075	131.28
70.085	132.77
70.095	135.66
70.105	138.06
70.115	136.71
70.125	130.16
70.135	137.23
70.205	200.19
70.215	188.86
70.225	168.55
70.235	163.18
70.245	160.83
70.255	160.01
70.265	159.02
70.275	159.13
70.285	158.87
70.295	157.76
70.305	156.46
70.315	137.34
70.325	160.24
70.415	178.5
70.425	168.9
70.435	159.9
70.445	153.13
70.455	149.74
70.465	146.83
70.475	148.14
70.545	177.1
70.555	168.82
70.565	157.48
70.575	147.09
70.585	141.84
70.595	137.09
70.605	139.12
70.615	137.95
70.625	137.48
70.635	136.81
70.645	135.91
70.655	134.98
70.665	136.1
70.735	197.82
70.745	194.71
70.755	154.23
70.765	149.1
70.775	148.25
70.785	147.35
70.795	145.15
70.805	146.38
70.815	145.89
70.825	144.56
70.835	143.71
70.845	144.06
70.855	144.38
70.865	145.24
70.875	144.37
70.885	144.24
70.895	145.39
70.905	145.4
71.955	196.49
71.965	190.8
71.975	168.51
71.985	164.44
71.995	161.17
72.005	152.72
72.015	148.83
72.025	145.55
72.035	137.36
72.045	137.4
72.055	132.16
72.065	131.93
72.075	130.41
72.085	134.35
72.095	134.97
72.105	143.4
72.115	141.53
72.125	140.39
72.135	138.03
72.145	137.4
72.155	135.62
72.165	134.61
72.175	138.02
72.185	139.57
72.195	141.03
72.215	145.4
72.225	162.17
72.235	162.38
72.245	163.02
72.255	161.47
72.265	161.83
72.275	162.68
72.285	163.48
72.295	164.65
72.305	167.27
72.315	169.72
72.325	170.46
72.335	170.47
72.345	171.4
72.355	174.54
72.365	175.72
72.375	176.01
72.385	174.62
72.395	172.72
72.405	172.28
72.415	174.39
72.425	171.03
72.435	169.94
72.445	169.15
72.635	178.21
72.645	168.67
72.655	161.21
72.665	145.87
72.675	138.98
72.685	136.75
72.695	134.99
72.705	129.14
72.715	128.64
72.725	129.54
72.735	130.54
72.745	129.21
72.755	129.25
72.765	128.36
72.775	128.11
72.785	127.8
72.795	127.62
72.805	126.8
72.815	126.6
72.825	125.95
72.835	125.71
72.845	125.48
72.855	124.81
72.865	123.23
72.875	123.16
72.885	122.66
72.895	123.73
72.905	124.6
72.915	125.39
72.925	125
72.935	125.15
72.945	124.65
72.955	122.9
72.965	122.44
72.975	122.56
72.985	121.96
72.995	122.61
73.005	122.19
73.015	122.43
73.025	121.73
73.035	123.15
73.045	119.44
73.055	119.27
74.815	212.34
74.825	187.86
74.835	183.98
74.845	180.86
74.855	179.06
74.865	177.68
74.875	175.4
74.885	170.05
74.895	169.5
74.905	168.34
74.915	160.46
74.925	156.56
74.935	153.57
74.945	152.26
74.955	147.87
74.965	140.67
74.975	137.41
74.985	139.45
74.995	131.59
75.005	137.53
75.015	140.95
75.025	139.95
75.035	150.35
75.045	157.15
75.055	150.38
75.065	141.49
75.075	138.96
75.085	136.56
75.095	135.16
75.105	134.82
75.115	133.2
75.125	134.22
75.135	136.16
75.145	136.46
75.155	137.29
75.165	137.8
75.175	138.28
75.185	136.31
75.195	135.63
75.205	135.25
75.215	140.28
75.225	138.32
75.235	137.42
75.245	133.91
75.255	132.18
75.265	131.24
75.275	130.52
75.285	129.21
75.295	128.6
75.305	127.75
75.315	126.93
75.325	126.28
75.335	125.97
75.345	126.05
75.355	126.45
75.365	127.06
75.375	126.23
75.385	127.3
75.395	127.21
75.405	126.2
75.415	125.32
75.425	119.15
75.435	124.05
75.445	124.93
75.455	125.31
75.465	125.88
75.475	127.16
75.485	128.21
75.495	131.95
75.505	136.94
75.835	184.22
75.845	167.82
75.855	163
75.865	154.69
75.875	152.76
75.885	150.44
75.895	150.9
75.905	153.01
75.915	153.12
75.925	154.43
75.935	156.1
75.945	156.71
75.955	155.38
75.965	154.48
75.975	166.85
75.985	169.43
75.995	167.86
76.005	158.77
76.015	153.16
76.025	147.23
76.035	141.37
76.045	150.33
76.055	154.04
76.065	154.15
76.165	140.53
76.175	139.06
76.185	138.78
76.195	139.07
76.205	141
76.215	142.9
76.225	144.6
76.235	141.33
76.245	141.46
76.255	141.14
76.265	143.34
76.275	143.71
76.285	143.99
76.955	176.44
76.965	164.73
76.975	146.4
76.985	138.58
76.995	127.17
77.005	123.79
77.015	125.25
77.025	126.23
77.035	124.58
77.045	125.12
77.055	131.47
77.065	138.39
77.075	143.12
77.085	146.25
77.095	146.81
77.105	145.47
77.115	148.36
77.125	151.31
77.135	151.64
77.145	153.61
77.155	152.97
77.165	157.83
77.175	158.61
77.185	157.36
77.195	155.51
77.205	153.73
77.215	155.1
77.225	152.15
77.235	150.23
77.245	147.24
77.255	144.1
77.265	139.42
77.275	136.93
77.285	134.62
77.295	131.81
77.305	132.55
77.315	135.52
77.325	139.81
78.285	129.54
78.295	136.87
78.305	126.72
78.535	106.32
78.545	113.65
78.555	118.23
79.185	176.02
79.195	162.07
79.205	160.9
79.215	157.11
79.225	151.37
79.235	149.22
79.245	145.92
79.255	144.05
79.265	142.39
79.275	140.96
79.285	140.02
79.295	139.83
79.305	139.04
79.315	135.01
79.325	135.76
79.335	135.96
79.345	135.65
79.355	135.78
79.365	131.88
79.375	130.52
79.385	129.34
79.395	128.83
79.405	128.6
79.415	128.75
79.425	126.87
79.435	127.34
79.445	127.1
79.455	126.62
79.465	126.71
79.475	127.28
79.485	125.98
79.495	124.89
79.505	124.08
79.515	123.82
79.525	123.84
79.535	124.21
79.545	124.66
79.555	124.31
79.565	123.98
79.575	123.55
79.585	123.91
79.595	121.47
79.605	120.5
79.615	121.28
79.625	122.08
79.635	121.81
79.645	121.7
79.655	121.27
79.665	121.27
79.675	120.53
79.685	120.52
79.695	120.77
79.705	120.32
79.715	119.98
79.725	119.44
79.735	119.14
79.745	118.14
79.755	118.19
79.765	116.81
79.775	117.23
79.785	117
79.795	116.09
79.805	115.62
79.815	115.37
79.825	115.83
79.835	113.19
79.845	115.11
79.855	115.24
79.865	114.02
79.875	116.51
79.885	104.62
85.375	189.54
85.385	169.98
85.395	162.43
85.405	151.02
85.415	139.98
85.465	173.61
85.475	176.83
85.485	174.08
85.495	168.83
85.505	159.35
85.515	155.63
85.525	131.34
85.535	168.64
85.545	166.19
85.555	163.12
85.565	165.92
85.605	226.69
85.615	193.17
85.625	192.31
85.635	182.36
85.645	180.23
85.655	179.17
85.665	178.89
85.675	177.41
85.685	176.76
85.695	172.53
85.705	176.51
85.715	175.08
85.725	172.92
85.735	170.87
85.745	172.35
85.755	166.15
85.765	162.21
85.775	160.41
85.785	156.18
85.795	152.53
85.805	150.02
85.815	149.35
85.825	147.73
85.835	149.47
85.845	150.37
85.855	151.07
85.865	149.9
85.875	149.66
85.885	151.24
85.895	150.85
85.905	151.17
85.915	154.99
85.925	147.09
85.935	148.92
85.945	152.13
85.955	153.13
85.965	155.95
85.975	158.07
85.985	160.27
85.995	162.55
86.005	164.01
86.015	165.37
86.025	165.84
86.035	165.25
86.045	163.87
86.055	154.65
86.065	145.23
86.075	144.93
86.295	195.27
86.305	177.13
86.315	166.01
86.325	170.04
86.335	168.64
86.345	165.07
86.355	160.45
86.365	155.35
86.375	143.82
86.385	148.7
86.395	152.77
86.405	155.92
86.415	151.28
86.425	160.02
86.435	170.12
86.445	173.8
86.455	156.94
86.465	157.03
86.475	151.88
86.485	146.98
86.495	143.66
86.505	136.45
86.515	142.28
86.525	138.86
86.535	139.32
86.545	139.84
86.555	142.53
86.565	143.56
86.575	144.04
86.585	141.83
86.595	140.33
86.605	139.66
86.615	138.64
86.625	134.92
86.635	143.7
86.645	145.81
86.655	151.31
86.665	155.17
86.675	156.46
86.685	156.33
86.695	156.13
86.705	157.98
86.715	160.77
86.725	163.1
86.735	164.18
86.745	165.4
86.755	166
86.765	165.88
86.775	165.84
86.785	163.97
86.795	161.88
86.805	156.19
86.815	148.87
86.825	155.8
86.835	162.41
86.925	193.64
86.935	194.61
86.945	167.14
86.955	162.84
86.965	157.82
86.975	156.79
86.985	160.46
86.995	160.15
87.005	159.03
87.015	155.98
87.025	148.42
87.035	148.12
87.105	166.79
87.115	152.84
87.125	146.9
87.135	141.24
87.145	137.04
87.155	136.69
87.165	136.02
87.175	137.52
87.185	138.95
87.195	140.02
87.205	140.99
87.215	140.96
87.225	140.65
87.235	140.93
87.245	141.45
87.255	140.92
87.265	141.09
88.235	278.09
88.245	229.28
88.255	212.24
88.265	206.67
88.275	204.64
88.285	205.28
88.295	205.05
88.305	203.1
88.315	200.18
88.325	193.26
88.335	183.56
88.345	183.44
88.355	179.37
88.365	175.75
88.375	163.94
88.385	158.2
88.395	152.21
88.405	146.77
88.415	142.29
88.425	136.95
88.435	134.73
88.445	134.25
88.455	138.28
88.465	141.38
88.475	147.9
88.485	150.51
88.495	149.87
88.505	149.13
88.515	147.8
88.525	150.01
88.535	151.18
88.545	145.38
88.555	142.85
88.565	145.79
88.575	142.33
88.585	139.73
88.595	135.99
88.605	136.21
88.615	134.05
88.625	134.37
88.635	131.42
88.645	130.58
88.655	127.6
88.665	127.77
88.675	130.34
88.685	134.9
88.695	135.7
88.705	138.42
88.715	138.8
88.985	205.31
88.995	180.61
89.105	187.82
89.115	175.72
89.125	170.17
89.135	158.3
89.145	149.63
89.155	142.27
89.165	140.77
89.265	212.63
89.275	189.5
89.285	181.59
89.295	184.35
89.305	185.35
89.315	187.11
89.325	186.02
89.335	187.91
89.345	190.89
89.355	195.75
89.365	196.67
89.375	194.82
89.385	192.02
89.395	187.53
89.405	181.61
89.415	178.85
89.425	176.53
89.435	171.03
89.445	159.5
89.455	153.98
89.465	146.17
89.475	141.73
89.485	136.41
89.495	109.78
89.565	187.37
89.575	180.81
89.585	155.45
89.595	152.4
89.605	143.08
89.615	148.56
89.625	148.29
89.635	148.06
89.645	149.15
89.655	152.13
89.665	154.93
89.675	155.36
89.685	153.67
89.695	152.25
89.705	150.07
89.715	147.62
89.725	146.57
89.735	145.21
89.745	143.62
89.755	141.83
89.765	141.4
89.775	139.24
89.785	138.57
89.795	136.62
89.805	135.42
89.815	135.53
89.825	139.08
89.835	140.65
89.845	140.47
91.415	169.31
91.425	151.91
91.435	155.09
91.445	156.17
91.455	154.94
91.465	152.87
91.475	148.72
91.485	145.93
91.495	144.86
91.505	143.94
91.515	139.53
91.525	140.5
91.535	139.82
91.545	141.57
91.555	143.74
91.565	144.6
91.575	155.6
91.585	156.59
91.595	152.73
91.605	148.38
91.615	145.1
91.625	142.3
91.635	135.99
91.765	222.86
91.775	200.14
91.785	181
91.795	178.78
91.805	174.5
91.815	174.4
91.825	174.44
91.835	174.14
91.845	174.66
91.855	173.11
91.865	167.71
91.875	165.28
91.885	170.36
91.895	168.69
91.905	160.95
91.915	160.24
91.925	159.14
91.935	160.75
91.945	162.49
91.955	162.36
91.965	161.67
91.975	161.91
91.985	162.46
91.995	161.75
92.005	160.96
92.015	160.78
92.025	161.32
92.035	161.31
92.045	160.65
92.055	158.34
92.065	155.59
92.075	152.08
92.085	146.47
92.095	141.73
92.105	143.13
92.115	132.39
92.125	132.33
92.135	131.67
92.145	140.76
92.155	139.79
92.165	150.97
92.175	161.81
92.185	156.84
92.195	149.48
92.205	145.2
92.215	144.7
92.225	147.35
92.295	194.51
92.305	185.39
92.315	176.71
92.325	164.56
92.335	163.83
92.345	163.85
92.355	163
92.365	161.4
92.375	159.74
92.385	158.16
92.395	157.02
92.405	157
92.415	157.05
92.425	158.66
92.435	158.8
92.445	157.66
92.455	154.83
92.465	150.95
92.475	144.78
92.485	140.02
92.495	150.08
92.595	183.5
92.605	181.11
92.615	152.91
92.625	141.83
92.635	138.69
92.645	137.62
92.655	136.69
92.665	150.69
92.675	142.68
92.685	144.97
92.695	146.86
92.705	150.46
92.715	154.94
92.725	166.67
92.735	169.11
92.745	169.2
92.755	163.8
93.005	182.53
93.015	172.18
93.025	161.04
93.035	160.42
93.045	155.56
93.055	148.17
93.065	149.77
93.075	144.85
93.085	140.6
93.095	139.2
93.105	136.57
93.115	134.25
93.125	130.99
93.135	132.24
93.145	128.81
93.155	127.32
93.165	126.66
93.175	129.17
93.185	138.19
93.195	139.28
93.205	138.91
93.215	138.96
93.225	138.75
93.235	139.96
93.245	142.25
93.255	149.2
93.265	150.86
93.275	146.1
93.285	145.83
93.295	142.12
93.305	146.93
93.315	144.49
93.325	148.49
93.575	180
93.585	156.86
93.595	153.82
93.605	149.07
93.615	145.63
93.625	142.94
93.635	141.76
93.645	140.71
93.655	138.49
93.665	138.59
93.675	140.92
93.685	142.55
93.695	140.91
93.705	137.95
93.715	141.81
93.835	195.3
93.845	180.09
93.855	163.57
93.865	147.21
93.875	143.66
93.885	140.27
93.895	139.22
93.905	137.36
93.915	123.72
93.925	133.71
93.935	137.96
93.945	142.33
93.955	142.59
93.965	140.35
93.975	138.37
93.985	136.42
93.995	137.91
94.005	135.67
94.015	135.64
94.025	135.99
94.035	136.82
94.045	137.53
94.055	138.84
94.065	137.17
94.075	137.93
94.085	138.02
94.175	187.73
94.185	181.29
94.195	170.05
94.205	148.12
94.215	140.41
94.225	136.85
94.235	134.28
94.245	132.11
94.255	128.37
94.265	132.8
94.275	137.33
94.285	135.09
94.295	135.3
94.305	136.72
94.315	135.05
94.325	129.6
94.335	126.48
94.345	122.11
94.355	124.03
94.365	126.26
94.375	126.23
94.385	124.85
94.395	123.27
94.405	118.31
94.415	124.25
94.425	115.61
94.635	148.3
94.645	149.15
94.655	141.83
94.665	137.77
94.675	137.14
94.685	135.82
94.695	135.21
94.705	135.07
94.715	135.53
94.725	134.87
94.735	133.82
94.745	133.36
94.755	134.45
94.765	133.92
94.775	132.1
94.785	134.2
95.365	194.52
95.375	177.44
95.385	159.31
95.395	152.97
95.405	144.16
95.415	141.42
95.425	137.48
95.435	135.09
95.445	131.43
95.455	129.79
95.465	128.25
95.475	127.21
95.485	125.03
95.495	124.59
95.505	126.03
95.515	127.02
95.525	125.75
95.535	124.43
95.545	121.88
95.555	124.28
95.565	127.46
95.575	131.27
95.585	135.36
95.595	136.32
95.605	137.32
95.615	136.9
95.625	136.31
95.635	138.92
95.645	141.84
95.655	141.97
95.665	139.96
95.675	140.84
95.685	142.91
95.695	142.42
95.705	141.66
95.715	141.84
95.725	140.47
95.735	141.15
95.745	142.37
95.755	142.39
95.765	141.4
95.775	140.77
95.785	140.66
95.795	138.63
95.805	139.73
95.815	141.37
95.825	142.69
95.835	143.89
95.845	145.63
95.855	146.63
95.865	145.79
95.875	143.46
95.885	139.11
95.895	137.46
95.905	138.9
95.915	138.52
95.925	136.29
95.935	133.02
95.945	131.36
95.955	122.84
95.965	127.07
95.975	126.5
95.985	122.83
95.995	120.89
96.005	121.68
96.215	168.49
96.225	160.41
96.235	140.17
96.245	133.41
96.255	129.77
96.265	127.74
96.275	130.93
96.285	134.48
96.295	140.31
