time	f0
0.502	92.06
0.512	75.47
0.522	75.55
0.602	101.86
0.612	101.75
0.622	102.42
0.632	101
0.642	100.47
0.652	100.7
0.662	102.36
0.672	101.41
0.682	100.57
0.692	100.46
0.702	100.51
0.712	100.5
0.722	100.39
0.732	100.04
0.742	99.42
0.752	98.89
0.762	98.24
0.772	97.52
0.782	96.85
0.792	95.74
0.802	94.58
0.812	95.5
0.822	95.39
0.832	93.56
0.842	93.74
0.852	93.13
0.862	92.01
0.872	90.32
0.882	90.61
0.892	92.85
0.902	93.31
0.912	93.12
0.922	93.55
0.932	94.01
0.942	93.54
0.952	92.3
0.962	93.37
0.972	93.14
0.982	90.76
0.992	90.72
1.002	92.86
1.012	93.38
1.022	92.68
1.032	93.03
1.042	97.71
1.052	93.11
1.062	88.89
1.072	93.02
1.082	93.04
1.092	79.73
1.102	91.05
1.112	90.82
1.122	76.83
1.132	91.42
1.142	95.72
1.152	86.35
1.162	81.54
1.172	87.94
2.522	113.03
2.532	109.5
2.542	110.21
2.552	108.27
2.562	107.57
2.572	107.47
2.582	106.92
2.592	105.99
2.602	105.48
2.612	105.2
2.622	104.49
2.632	104.12
2.642	103.07
2.652	101.45
2.662	100.7
2.672	100.7
2.682	100.87
2.692	100.55
2.702	99.67
2.712	99.4
2.722	99.57
2.732	99.61
2.742	98.37
2.752	98.17
2.762	97.79
2.772	99.22
2.782	99.72
2.792	100.45
2.802	99.93
2.812	98.33
2.822	99.97
2.832	98.63
2.842	97.34
2.852	98.73
2.862	97.43
2.872	97.66
2.882	98.24
2.892	98.06
2.902	97.75
2.912	101.33
3.212	119.4
3.222	114.44
3.232	110.73
3.242	114.21
3.252	115.79
3.262	115.99
3.272	115.25
3.282	113.59
3.292	112.22
3.302	111.04
3.312	107.93
3.322	101.59
3.332	99.59
3.342	102.38
3.352	97.53
3.362	100.89
3.472	102.41
3.482	103.93
3.492	107.48
3.502	107.51
3.512	103.28
3.522	100.89
3.532	100.19
3.542	102.81
3.552	102.35
3.562	102.07
3.572	106.61
3.582	106.36
3.652	114.52
3.662	101.59
3.672	101.82
3.682	101.9
3.692	101.81
3.702	100.5
3.712	102.06
3.722	104.53
3.732	105.85
3.742	105.47
3.752	104.08
3.762	102.44
3.772	100.25
3.782	98.35
3.792	97.68
3.802	99.76
3.812	98.14
3.822	95.25
3.832	92.48
3.842	91.59
3.852	95.54
3.862	92.86
3.872	92.13
3.882	93.71
3.892	95.03
3.902	95.96
3.932	100.87
3.942	101.39
3.952	99.93
3.962	96.52
3.972	97.06
3.982	98.15
3.992	95.36
4.002	95.44
4.012	96.44
4.022	99.93
4.032	99.01
4.042	97.27
4.052	98.45
4.062	99.63
4.072	99.36
4.142	99.5
4.152	103.85
4.162	105.65
4.172	105.94
4.182	105.97
4.192	105.17
4.202	104.11
4.212	102.53
4.222	100.73
4.232	101.83
4.242	103.41
4.252	104.36
4.262	105.36
4.272	105.45
4.282	104.86
4.292	104.72
4.302	103.31
4.312	102.92
4.402	101.03
4.412	102.87
4.422	103.21
4.432	102.24
4.442	101.51
4.452	101.74
4.462	101.36
4.472	100.43
4.482	99.52
4.492	97.69
4.502	96.58
4.512	95.72
4.522	95.15
4.532	94.61
4.542	94.4
4.552	94.68
4.562	94.06
4.572	90.54
4.602	96.63
4.612	94.49
4.622	94.16
4.632	92.66
4.642	89.65
4.652	97.66
4.742	83.79
4.752	76.61
4.762	79.49
4.772	87.33
4.782	85.24
4.792	88.57
4.802	88.7
4.812	89.59
4.822	90.71
4.832	89.58
4.842	93.26
4.852	94.93
4.862	93.72
4.872	93.96
4.882	94.45
4.892	94.21
4.902	94.66
4.912	95.68
4.922	96.43
4.932	98.4
4.942	99.56
4.952	97.62
4.962	94.68
4.972	101.11
4.982	100.7
4.992	102.69
5.002	106.41
5.012	110.02
5.022	111.41
5.032	109.63
5.042	111.56
5.662	100.84
5.672	101.41
5.682	102.12
5.692	102.67
5.702	104.15
5.712	103.77
5.722	102.63
5.732	103.53
5.742	103.87
5.752	103.65
5.762	101.46
5.772	100.37
5.782	98.94
5.792	97.71
5.802	96.9
5.812	96.11
5.822	95.53
5.832	95.57
5.842	96.3
5.852	97.51
5.862	97.42
5.872	97.45
5.882	98.03
5.892	98.15
5.902	97.22
5.912	95.94
5.922	96.08
5.932	95.96
5.942	95.81
5.952	95.8
5.962	96.55
5.972	96.61
5.982	96.63
6.132	96.13
6.142	96.61
6.152	98.06
6.162	99.04
6.172	99.3
6.182	98.34
6.192	99.04
6.202	101.22
6.212	103.28
6.222	104.31
6.232	104.08
6.242	103.56
6.252	103.23
6.262	103.45
6.272	102.74
6.282	100.49
6.292	99
6.302	98.4
6.312	97.72
6.322	97.21
6.332	97.06
6.342	97.99
6.352	98.49
6.362	99.89
6.372	100.89
6.382	100.36
6.392	98.78
6.402	97.85
6.412	96.38
6.422	95.66
6.432	95.21
6.442	94.95
6.452	95.95
6.462	97.29
6.472	98.23
6.482	97.21
6.492	96.27
6.502	98.72
6.512	133.75
6.522	132.06
6.532	98.85
6.572	110.47
6.582	113.25
6.592	127.21
6.602	103.78
6.612	109.39
6.622	119.66
7.612	96.05
7.622	97.06
7.632	96.23
7.642	96.53
7.652	96.05
7.662	95.52
7.672	95.21
7.682	95.52
7.692	95.83
7.702	95.25
7.712	94.95
7.722	94.22
7.732	94.44
7.742	94.2
7.752	94.02
7.762	93.39
7.772	92.68
7.782	92.4
7.792	91.76
7.802	91.77
7.812	91.37
7.822	90.21
7.832	89.14
7.842	89.54
7.852	89.38
7.862	88.97
7.872	89.18
7.882	89.31
7.892	88.89
7.902	88.81
7.912	88.66
7.922	88.03
7.932	88.15
7.942	87.78
7.952	87.49
7.962	88.23
7.972	88.77
7.982	88.88
7.992	88.13
8.002	87.59
8.012	88.79
8.022	87.89
8.032	87.52
8.042	89.95
8.052	88.43
8.062	85.43
8.072	87.64
8.082	90.44
8.092	84.01
8.102	93.04
8.112	92.72
8.122	88.28
8.132	89.04
8.142	97.82
8.152	98.99
8.162	99.89
8.172	101
8.182	99.24
8.192	73.36
8.202	72.45
8.212	79.18
8.262	101.74
8.272	101.96
8.422	69.57
9.042	94.37
9.052	93.98
9.062	93.06
9.072	93.34
9.082	93.58
9.092	94.33
9.102	96.6
9.112	96.69
9.122	96.75
9.132	97.97
9.142	97.3
9.152	96.97
9.162	96.86
9.172	96.81
9.182	97.47
9.192	97.69
9.202	97.93
9.212	98.34
9.222	97.32
9.232	95.6
9.242	93.67
9.252	92.75
9.262	91.93
9.272	91.16
9.282	91.11
9.292	89.82
9.322	92.32
9.332	92.29
9.342	92.17
9.462	105.02
9.472	103.42
9.482	103.4
9.492	102.02
9.502	100.66
9.512	99.87
9.522	99.07
9.532	98.87
9.542	98.52
9.552	97.64
9.562	97.07
9.572	96.45
9.582	96.23
9.592	95.76
9.602	95.56
9.612	95.08
9.622	94.22
9.632	93.21
9.642	95.23
9.652	95.61
9.662	95.51
9.672	95.05
9.682	94.56
9.692	93.98
9.702	93.68
9.782	91.59
9.792	91.59
9.802	91.51
9.812	88
9.822	91.45
9.832	91.07
9.842	91.3
9.852	93.34
9.862	97.58
9.872	97.01
9.882	96.28
9.892	96.64
9.902	97.21
9.912	97.3
9.922	96.47
9.932	96.29
9.942	95.87
9.952	94.49
9.962	93.92
9.972	98.5
9.982	96.55
9.992	93.4
10.002	95.2
10.012	95.13
10.022	94.96
10.032	95.18
10.042	94.73
10.052	94.4
10.062	94.22
10.072	94.25
10.082	93.93
10.092	93.59
10.102	93.81
10.112	95.47
10.122	96.23
10.132	97.73
10.142	97.36
10.152	93.96
10.442	109.19
10.452	115.84
10.462	117.72
10.472	93.39
10.482	93.95
10.492	93.01
10.502	94.02
10.512	93.03
10.522	93.86
10.532	96.04
10.542	94.73
10.552	94.59
10.562	97.24
10.572	93.4
10.582	93.32
10.592	101.85
10.602	113.7
10.612	104.41
10.622	100.87
10.632	101
10.642	97.28
10.652	95.67
10.662	94.89
10.672	93.5
10.682	93.27
10.692	92.83
10.702	94.16
10.712	93.27
10.722	92.53
10.732	92.07
10.742	92.3
10.752	93.46
10.762	91.29
10.772	91.61
10.782	93.28
10.792	93.38
10.802	91.93
10.812	90.13
10.822	90.75
10.832	90.94
10.842	91.57
10.852	91.28
10.862	92.23
10.872	93.06
10.882	93.37
10.892	94.07
10.902	94.59
10.912	94.72
10.922	95.21
10.932	95.4
10.942	95.41
10.952	95.09
10.962	95.1
10.972	95.87
10.982	95.73
10.992	93.53
11.002	91.32
11.012	95.6
11.022	101.41
11.032	103.1
11.042	101.31
11.052	97.71
11.062	92.16
11.072	84.72
11.082	87.15
11.092	87.68
11.102	84.9
11.112	88.39
11.122	90.85
11.132	89.37
11.142	85.69
11.152	87.21
11.162	92.44
11.172	86.84
11.182	91.5
11.192	95.95
11.242	95.46
11.252	96.5
11.262	99.29
11.272	101.13
11.282	101.76
11.292	101.43
11.302	101.23
11.312	100.93
11.322	99.93
11.332	98.25
11.342	97.94
11.352	95.9
11.362	95.74
11.372	95.39
11.382	94.9
11.392	94.61
11.402	93.82
11.412	92.67
11.422	92.1
11.432	86.05
11.442	89.82
11.452	91.34
11.462	90.33
11.472	90.34
11.482	91.61
11.492	90.07
11.502	88.18
11.512	90.3
11.522	91.71
11.532	93
11.542	93.82
11.552	88.5
11.562	89.72
11.572	93.2
11.582	89.13
11.592	85.03
11.602	92.41
11.612	91.6
11.622	88.24
11.632	92.81
11.642	92.72
11.652	88.99
15.012	99.32
15.022	98.85
15.032	73.96
15.042	77.05
15.052	78.98
15.062	84.35
15.072	83.79
15.082	85
15.092	87.25
15.102	84.67
15.112	85.73
15.122	84.6
15.132	84.46
15.142	84.93
15.152	85.07
15.162	85.69
15.172	84.3
15.182	85.53
15.192	85.82
15.202	86.04
15.212	87.38
15.222	85.65
15.232	86.14
15.242	91.63
15.252	96.27
15.262	84.12
15.272	84.5
15.282	80.87
15.292	91.37
15.302	92.86
15.312	93.21
15.322	92.34
15.332	92.06
15.342	92.26
15.352	92.96
15.362	94.29
15.372	96.45
15.382	96.82
15.392	96.75
15.402	97.74
15.412	98.23
15.422	99.28
15.432	99.82
15.442	102.79
15.452	103.3
15.462	103.19
15.472	103.38
15.482	104.38
15.492	103.55
15.502	102.88
15.512	103.92
15.522	104.98
15.532	102.56
15.542	102.3
15.552	102.82
15.562	100.66
15.572	100.86
15.582	103.23
15.592	105.54
15.602	105.47
15.612	105.3
15.622	105.39
15.632	106.06
15.642	106.24
15.652	104.11
15.662	107.52
15.672	108.05
15.682	107.71
15.692	107.94
15.702	107.97
15.712	108.22
15.722	108.4
15.732	108.73
15.742	109.03
15.752	109.51
15.762	110.47
15.772	107.9
15.782	106.08
15.792	105.53
15.802	103.84
15.812	102.18
15.822	102.09
15.832	100.75
15.842	99.75
15.852	99.05
15.862	98.23
15.872	97.12
15.882	94.82
15.892	95.29
15.902	97.01
15.912	97.08
15.922	95.1
15.932	94.03
15.942	91.41
15.952	91.38
15.962	94.03
15.972	94.32
15.982	90.93
15.992	92.55
16.002	93.76
