time	f0
1.165	83.25
1.175	96.53
1.185	98.2
1.195	99.76
1.205	100.58
1.215	100.31
1.225	99.59
1.235	99.18
1.245	98.39
1.315	116.04
1.325	115.81
1.335	112.59
1.345	108.89
1.355	105.02
1.365	104.97
1.375	103.17
1.385	100.28
1.395	100.59
1.405	100.97
1.415	100.61
1.425	99.17
1.435	99.08
1.445	100.73
1.455	100.63
1.465	100.34
1.475	98.29
1.485	96.14
1.495	94.18
1.505	92.58
1.515	99.06
1.925	96.24
1.935	99.18
1.945	99.06
1.955	98.79
1.965	99.28
1.975	96.67
1.985	95.45
1.995	95.26
2.155	99.83
2.165	111.31
2.175	111.44
2.185	111.54
2.195	111.95
2.205	111.76
2.215	111.56
2.225	111.15
2.235	110.22
2.245	108.72
2.255	107.43
2.265	108.67
2.275	113.96
2.285	116.51
2.295	115.18
2.305	111.87
2.315	111.21
2.325	109.78
2.335	108.48
2.345	106.89
2.355	104.17
2.365	100.7
2.375	97.64
2.385	97.51
2.395	101.95
2.405	104.29
2.415	103.79
2.475	108.38
2.485	106.36
2.495	106.78
2.505	107.12
2.515	108.37
2.565	93.22
2.575	95.89
2.585	96.79
2.595	96.86
2.605	97.16
2.615	96.81
2.625	95.93
2.635	94.02
2.645	93.96
2.655	91.01
2.665	90.38
2.675	93.57
2.685	91.52
2.695	94.55
2.705	92.13
2.745	93.43
2.755	93.97
2.765	94.59
2.775	94.07
2.785	94.58
2.795	93.93
2.805	92.15
2.815	91.43
2.825	92.56
2.835	94.35
2.845	92.29
2.855	96.92
2.945	82.38
2.955	80.64
2.965	80.88
2.975	84.46
3.935	122.8
3.945	121.36
3.955	110.9
3.965	109.43
3.975	106.49
3.985	106.46
3.995	108.29
4.005	102.93
4.015	98.62
4.025	99.31
4.035	100.64
4.235	80.38
4.245	80.39
4.255	79.65
4.265	79.92
4.275	80.1
4.285	80.42
4.435	86.95
4.445	86.54
4.455	85.53
4.465	83.86
4.475	81.89
4.485	81.64
4.495	83.99
4.505	88.89
4.515	89.6
4.525	89.98
4.535	91
4.545	91.88
4.555	89.92
4.565	87.07
4.575	86.95
4.585	92.35
4.595	87.08
4.605	82.04
7.935	107.97
7.945	105.35
7.955	100.83
7.965	100.13
7.975	100.87
7.985	101.46
7.995	101.31
8.005	101.38
8.015	102.02
8.025	102.59
8.035	102.73
8.045	103.13
8.055	102.48
8.065	101.92
8.075	102.05
8.085	102.14
8.095	102.07
8.105	101.98
8.115	101.72
8.125	102.5
8.135	103.79
8.145	104.47
8.155	104.71
8.165	105.64
8.175	106.98
8.185	107.15
8.195	107.61
8.205	109.96
8.215	110.06
8.225	107.12
8.235	107.35
8.245	107.83
8.255	107.58
8.265	107.06
8.275	106.83
8.285	110.4
8.295	109.96
8.305	107.71
8.315	106.31
8.325	105.22
8.335	102.62
8.345	101.91
8.355	101.62
8.365	100.94
8.375	100.83
8.385	100.22
8.395	99.13
8.405	98.81
8.415	100.24
8.425	101.34
8.435	100.11
8.445	100.54
8.455	102.33
8.465	102.23
8.475	100
8.485	99.78
8.495	99.8
8.505	100.36
8.515	100.99
8.525	99.95
8.535	100.33
8.545	101.92
8.555	101.36
8.565	99.9
8.575	101.84
8.585	101.97
8.595	101.37
8.605	100.22
8.615	98.67
8.625	98.06
8.635	96.2
8.645	95.01
8.655	94.13
8.665	93.02
8.675	91.33
8.685	92.56
8.695	93.17
8.805	116.58
8.815	120.26
8.825	122.71
8.835	122.78
8.845	124.23
9.925	96.98
9.935	98.44
9.945	96.89
9.955	96.42
9.965	96.56
9.975	96.08
9.985	94.77
9.995	94.33
10.005	93.15
10.015	91.04
10.025	92.93
10.055	89.22
10.065	86.65
10.075	94.58
10.085	94.97
10.095	94.66
10.105	97.58
10.265	106.66
10.275	104.37
10.285	103
10.295	99.82
10.305	99.31
10.315	95.46
10.325	91.45
10.335	94.78
10.345	95.59
10.355	94.02
10.365	92.99
10.375	92.67
10.385	93.23
10.395	95.12
10.405	93.23
10.435	80.83
10.445	79.38
10.455	78.57
10.595	88.53
10.605	88.57
10.615	87.97
10.625	93.71
10.635	92.29
10.645	89.93
10.655	92.04
10.665	105.01
10.675	96.39
10.685	95.48
10.695	96.37
10.705	96.4
10.715	97.14
10.725	97.66
10.735	99.1
10.745	99.65
10.755	100.56
10.765	102.08
10.775	102.31
10.785	100.4
10.795	99
10.805	96.33
10.815	149.53
10.825	150.47
10.865	95.66
10.875	93.95
10.885	93.15
10.895	92.43
10.905	92.36
10.915	93.5
10.925	93.99
10.935	95.83
10.945	95.86
10.955	96.21
10.965	95.98
10.975	95.7
10.985	95.63
10.995	95.98
11.005	95.78
11.015	93.4
11.025	92.43
11.035	92.08
11.045	92.56
11.055	93.45
11.065	93.57
11.075	94.44
11.085	93.83
11.095	94.64
11.105	94.7
11.115	93.84
11.125	93.25
11.135	94.02
11.145	94.45
11.155	94.25
11.275	89.14
11.285	89.66
11.295	89.01
11.305	92
11.315	93.87
11.325	92.55
11.335	93.72
11.345	94.01
11.355	93.59
11.365	94.58
11.375	95.29
11.385	95.54
11.395	95.35
11.405	95.82
11.415	97.18
11.425	101.16
11.435	101.35
11.445	101.73
11.455	103.41
11.465	102.85
11.475	102.15
11.485	101.29
11.495	100.35
11.505	99.4
11.515	97.38
11.525	94.15
11.535	93.41
11.545	93.86
11.555	90.06
11.765	100.3
11.775	94.61
11.785	92.39
11.795	92.59
11.805	90.46
11.815	92.69
11.825	97.71
11.835	97.92
11.845	101.34
11.855	99.65
11.865	98.78
11.875	98.93
11.885	98.91
11.895	99.48
11.905	99.67
11.915	100.09
11.925	99.84
11.935	98.81
11.945	97.44
11.955	95.56
11.965	97.09
11.975	99.18
11.985	100.1
11.995	100.03
12.005	98.03
12.015	98.16
12.025	98.5
12.135	81.49
12.145	81.68
12.155	86.66
12.165	86.05
12.175	90.96
12.185	89.14
12.195	87.41
12.205	86.97
12.215	86.71
12.225	86.97
12.235	86.63
12.245	85.43
12.255	84.09
12.265	86.39
12.275	89.37
12.285	84.31
12.295	83.61
12.305	84.21
12.315	82.06
12.325	82.87
12.335	82.71
12.535	87.74
12.545	89.59
12.555	91.5
12.565	90.76
12.575	88.72
12.585	88.94
12.595	89.68
12.605	90.08
12.615	90.33
12.625	84.87
12.715	81.1
12.725	80.09
12.735	79.57
12.745	81.74
12.755	77.38
12.765	78.12
12.775	80.26
12.785	81.26
14.025	84.61
14.035	90.28
14.045	89.59
14.055	90.3
14.065	91.9
14.075	90.53
14.085	89.64
14.095	88.62
14.105	91.29
14.265	99.31
14.275	100.37
14.285	98.8
14.295	99.22
14.305	98.97
14.315	98.19
14.325	97.21
14.335	95.38
14.345	94.25
14.355	95.34
14.385	81.22
14.395	80.52
14.405	78.84
14.415	78.65
14.425	79.25
14.435	79.87
14.865	88.06
14.875	84.16
14.885	81.3
14.895	80.15
14.905	81.41
15.055	89.89
15.065	94.17
15.075	94.19
15.085	94.89
15.095	93.65
15.105	95.73
15.115	93.63
15.125	91.75
15.135	88.71
15.145	88.96
15.155	89.89
15.235	87.07
15.245	87.24
15.255	87.62
15.265	86.93
15.275	88.73
15.285	87.72
15.295	88.75
15.305	91.04
15.315	91.14
15.325	90.67
15.335	90.52
15.345	91.84
15.355	92.25
15.365	94.19
15.415	118.05
15.425	118.04
15.435	80.14
15.445	81.98
15.455	82.57
15.465	81.67
16.025	71.23
16.035	69.21
16.045	71.72
16.055	74.22
16.065	77.53
16.075	80.16
16.085	80.65
16.095	80.67
16.105	81.49
16.115	80.63
16.125	80.61
16.135	80.23
16.145	81.88
16.155	79.95
16.165	79.87
16.175	78.43
16.185	75.55
16.195	73.8
16.205	81.22
16.215	79.65
16.225	81.09
16.235	81.63
16.245	80.6
16.255	78.31
16.265	76.8
16.275	78.52
16.285	82.15
16.295	80.01
16.305	81.08
16.315	77.89
16.325	79.58
16.335	80.1
16.345	80.51
16.355	80.78
17.105	99.41
17.115	100.52
17.125	102.9
17.135	103.82
17.145	103.58
17.155	101.09
17.165	102.09
17.175	103.07
17.185	102.38
17.195	103.65
17.205	103.34
17.215	102.08
17.225	100.67
17.235	99.32
17.245	101.28
17.255	102.26
17.265	103.46
17.275	103.56
17.285	104.06
17.295	103.64
17.305	101.33
17.315	102.81
17.325	102.6
17.525	111.61
17.535	108.02
17.545	103.78
17.555	99.59
17.565	93.63
17.575	79.4
17.585	80.47
17.595	80.11
17.605	84.66
17.615	92.59
17.625	92.67
17.635	92.5
17.645	91.86
17.655	90.81
17.665	90.1
17.675	89.33
17.685	87.61
17.695	84.59
17.705	82.29
17.715	79.56
17.725	79.56
17.845	76.88
17.855	77.32
17.905	92.51
17.915	94.32
17.925	96.47
17.935	96.35
17.945	96.44
17.955	97.2
17.965	96.23
17.975	96.03
17.985	95.58
17.995	96.09
18.005	97.96
18.015	101.32
18.025	105.28
18.035	106.16
18.045	107.88
18.055	108.13
18.065	108.02
18.075	104.25
18.085	104.54
18.095	108.07
18.105	108.4
18.115	108.22
18.125	109.8
18.135	112.97
18.145	110.43
18.155	108.49
18.165	108.12
18.175	107.79
18.185	107.38
18.195	106.84
18.205	106.05
18.215	105.52
18.225	105.32
18.235	105.29
18.245	104.99
18.255	102.34
18.265	101.75
18.275	104.61
18.285	104.9
18.295	105.36
18.305	106.3
18.315	113.77
18.325	117.42
18.335	117.83
18.345	118.73
18.355	119.09
18.365	119
18.375	118.2
18.385	117.55
18.395	118.91
18.405	118.97
18.415	118.96
18.425	119.13
18.435	119.13
18.445	119.03
18.455	119.03
18.465	116.11
18.475	118.02
18.485	118.59
18.495	115.92
18.505	118.03
18.515	118.84
18.525	115.45
18.535	115.4
18.545	119.15
18.555	119.11
18.565	117.92
18.575	117.44
18.585	118.73
18.595	118.65
18.605	119.65
18.615	121.42
18.625	118.94
18.635	117.81
18.645	119.7
21.255	91.97
21.265	89.9
21.275	90.92
21.285	91.31
21.295	91.25
21.305	91.01
21.335	79.95
21.345	80.24
21.355	78.22
21.365	77.98
21.375	80.39
21.385	80.51
21.395	79.57
21.405	76.59
21.415	76.31
21.425	77.83
21.435	79.38
21.565	83.83
21.575	81.86
21.585	82.06
21.595	81.16
21.605	80.6
21.615	82.19
21.625	81.42
22.045	94.92
22.055	99.54
22.065	97.83
22.075	97.66
22.205	92.31
22.215	92.61
22.225	92.18
22.235	93.54
22.245	93.35
22.255	92.9
22.265	92.85
22.275	91.85
22.285	91.22
22.675	101.11
22.685	97.65
22.695	97.77
22.705	96.86
22.715	95.78
22.725	95.43
22.735	98.21
22.745	97.82
22.755	98.58
22.765	98.79
22.775	97.28
22.785	96.44
22.795	96.74
22.925	90.64
22.935	93.83
22.945	94.37
22.955	94.7
22.965	94.59
22.975	94.52
22.985	94.3
22.995	93.88
23.005	93.31
23.015	94.22
23.025	97.78
23.035	94.41
23.045	94.23
23.055	94.52
23.065	93.96
23.075	90.34
23.265	88.37
23.275	89.55
23.285	89.88
23.425	79.11
23.435	83.25
23.445	83.06
23.455	77.94
23.465	79.23
23.475	84.17
23.485	83.95
25.205	107.81
25.215	97.08
25.225	93.53
25.235	92.29
25.245	85.94
25.255	85.42
25.315	76.57
25.325	77.26
25.335	78.86
25.345	79.32
25.355	79.7
25.365	81.33
25.375	86.28
25.385	83.21
25.395	86.77
25.405	84.85
25.415	84.51
25.425	88.2
25.435	89.13
25.445	89.59
25.455	89.94
25.465	89.94
25.475	88.89
25.485	88.11
25.495	86.34
25.505	83.61
26.375	85.31
26.385	82.9
26.395	81.75
26.405	84.63
26.415	83.57
26.425	80.24
26.435	80.02
26.445	82.43
26.455	82.11
26.465	77.67
26.475	80.05
26.485	81.5
26.495	80.29
26.625	103.31
26.635	104.03
26.645	101.18
26.655	98.67
26.965	80.52
26.975	78.5
26.985	78.26
26.995	80.37
27.055	78.29
27.065	78.11
27.075	78.01
27.085	81.17
27.095	81.46
27.105	80.46
27.115	80.52
27.125	81.34
27.135	79.36
27.145	77.38
27.155	81.54
27.165	79.79
27.175	79.97
27.185	80.14
27.195	79.45
27.205	80.97
27.215	80.97
27.225	81.33
27.235	81.87
27.245	79.09
27.255	79.95
27.265	78.83
27.275	78.85
27.285	81.81
27.295	81.2
27.305	80.03
27.315	79.44
27.325	78.21
27.735	78.32
27.745	82.73
27.755	85.2
27.765	87.51
27.775	87.62
27.785	86.04
27.795	82.3
27.805	77.85
27.885	118.29
27.895	114.57
27.905	110.52
27.915	108.25
27.925	108.62
30.315	93.21
30.325	93.86
30.335	95.04
30.345	92.97
30.355	92.05
30.365	92.73
30.375	94.11
30.385	94.38
30.395	96.1
30.405	99.34
30.415	99.6
30.425	99.68
30.435	99.1
30.445	98.24
30.455	97.17
30.465	96.36
30.475	95.2
30.485	94.73
30.495	96.71
30.505	97.59
30.515	98.16
30.525	97.45
30.585	98.13
30.595	95.55
30.605	95.12
30.615	93.92
30.625	92.74
30.635	91.58
30.645	91.21
30.655	93.14
30.665	92.88
30.675	92.98
30.685	92.51
32.235	152.1
32.245	152.11
33.695	108.36
33.705	107.6
33.715	93.35
33.725	93.22
33.735	96.05
33.745	100.29
33.755	99.42
33.765	100.72
33.775	105.58
33.785	100.02
33.795	100.1
33.805	100.9
33.815	100.98
33.825	100.64
33.835	99.08
33.845	93.78
33.855	96.72
33.865	96.96
33.875	91.86
33.885	87.6
34.245	91.48
34.255	94.95
34.265	95.59
34.275	92.69
34.285	92.84
34.295	99.99
34.375	102.54
34.385	102.32
34.395	102.68
34.405	103.87
34.415	105.75
34.425	109.18
34.435	110.59
34.445	112.27
34.455	114.16
34.465	115.06
34.475	117.17
34.485	118.21
34.495	119.28
34.505	120.26
34.515	121.26
34.525	122.39
34.535	123.21
34.545	122.81
34.555	120.68
34.565	118.03
34.575	119.94
34.585	121.18
34.595	119.73
34.605	119.74
34.615	118.94
34.625	117.81
34.635	119.2
34.645	114.12
34.655	110.62
34.665	104.06
34.675	100.81
34.685	100.06
34.695	97.47
34.705	97.45
34.715	92.46
34.725	95.8
34.735	95.72
34.775	100.3
34.785	97.68
34.795	93.69
34.805	93.11
34.815	94.71
34.825	96.89
34.835	97.34
34.845	95.9
34.855	95.05
34.865	94.6
34.875	93.85
34.885	92.59
34.895	93.5
34.905	95.33
34.915	95.57
34.925	96.61
34.935	98.21
34.945	103.31
34.955	107.2
34.965	103.86
34.975	104.98
34.985	105.57
34.995	105.16
35.005	104.63
35.015	103.47
35.025	100.74
35.035	99.2
35.045	97.98
35.055	96.68
35.065	93.9
35.075	92.83
35.085	91.24
35.095	91.5
35.105	93.31
35.115	94.27
35.125	94.45
35.135	93.73
35.145	87.88
35.155	87.44
35.165	93.08
35.175	91.98
35.185	93.39
35.195	92.24
35.205	91.52
35.215	89.02
35.225	88.85
35.235	92.29
35.345	92.14
35.355	90.29
35.365	89.15
35.375	91.43
35.385	85.47
35.395	85.22
36.785	87.38
36.795	85.45
36.825	82.39
36.835	81.1
36.845	81.96
36.855	75.26
36.895	93.74
36.905	92.87
36.915	90.63
36.925	86.9
36.935	85.51
36.945	84.28
36.955	81.84
36.965	82.55
36.975	76.13
36.985	77.13
36.995	77.53
37.005	84.12
37.015	82.88
37.025	82.22
37.055	146.57
37.065	145.41
37.075	144.14
37.085	139.92
38.055	99.12
38.065	99.46
38.075	99.09
38.085	97.42
38.095	96.61
38.105	93.5
38.115	96.07
38.125	96.32
38.135	96.46
38.145	96.68
38.155	96.8
38.165	95.02
38.175	92.78
38.185	90.49
38.195	89.18
38.205	90.51
38.215	91.49
38.225	90.3
38.235	89.17
38.245	90.51
38.255	91.84
38.265	90.99
38.275	96.4
38.285	96.88
38.295	95.2
38.305	93.59
38.315	91.97
38.325	90.06
38.335	89.28
38.345	89.23
38.355	89.36
38.365	90.54
38.375	88.36
38.385	85.93
38.395	86.27
38.405	87.05
38.415	87.88
38.425	89.15
38.435	89.7
38.445	89.52
38.455	89.83
38.465	88.18
38.475	86.66
38.485	85.35
38.495	84.82
38.505	90.99
38.515	89.84
38.525	89.81
38.535	88.61
38.545	90.8
38.555	91.24
38.685	88.19
38.695	89.54
38.705	90.36
38.715	88.88
38.725	86.31
38.735	84.01
38.745	82.09
38.755	83.05
38.765	85.02
38.775	71.9
38.785	85.3
38.795	84.63
38.805	84.83
39.255	88.63
39.265	83.69
39.275	84.36
39.285	82.46
39.315	84.77
39.325	85.73
39.335	87.3
40.745	95.05
40.755	95.18
40.765	97.44
40.775	97.59
44.235	104.71
44.245	104.33
44.255	99.43
44.265	99.45
44.275	97.33
44.285	97.71
44.295	95.2
44.305	94.32
44.345	94.82
44.355	96.29
44.365	97.03
44.375	97.55
44.385	98.63
44.395	99.9
44.405	100.5
44.415	100.02
44.425	98.78
44.435	97.99
44.445	85.52
44.455	75.04
44.465	74.92
44.475	75.17
44.485	75.4
44.495	85.58
44.505	85.71
44.515	85.1
44.525	84.55
44.535	84.53
44.545	74.46
44.555	73.77
44.565	81.63
44.575	83.48
44.585	84.49
44.595	84.97
44.605	85.33
44.615	86
44.625	86.8
44.635	86.31
44.645	85.19
44.655	84.71
44.755	82.75
44.765	82.83
44.775	84.12
44.785	86.56
44.795	87.97
44.805	91.63
44.815	88.97
44.825	89.02
44.905	95.16
44.915	96.83
44.925	95.81
44.935	95.61
44.945	95.76
44.955	95.84
44.965	95.75
44.975	95.13
44.985	95.54
44.995	100.17
45.005	101.59
45.015	101.44
45.025	100.97
45.035	98.58
45.045	97.08
45.055	95.69
45.065	99.98
45.075	100.51
45.085	100.25
45.095	103.19
45.105	107.32
45.115	106.61
45.125	104.7
45.135	105.6
45.145	105.23
45.155	101.16
45.165	98.37
45.175	95.04
45.185	92.75
45.195	90.85
45.205	84.99
45.215	86.63
45.225	86.63
45.235	92.26
45.245	92.32
45.255	92.19
45.265	91.22
45.275	87.59
45.285	87.14
45.295	86.19
45.785	97.15
45.795	98.92
45.805	97.63
45.815	95.99
45.825	95.42
45.835	97.85
45.845	98.04
45.855	98.51
45.865	98.98
45.875	99.61
45.885	100.4
45.895	99.19
45.905	97.27
45.915	94.15
45.925	92.51
45.935	93.69
45.945	92.6
45.955	92.42
46.055	91.05
46.065	92.7
46.075	96.1
46.085	96.45
46.095	94.09
46.105	95.51
46.245	92.53
46.255	95.01
46.265	90.88
46.275	90.55
46.355	130.6
46.365	131.87
