time	f0
0.47	119.2
0.48	117.39
0.49	118.96
0.5	119.55
0.81	218.86
0.82	204.81
0.83	197.63
0.84	196.61
0.85	195.39
0.86	194.63
0.87	194.21
0.88	193.55
0.89	192.32
0.9	189.74
0.91	186.88
0.92	186.01
0.93	185.67
0.94	183.92
0.95	183.26
0.96	181.9
0.97	178.22
0.98	180.47
0.99	179.03
1	177.03
1.01	176.11
1.02	177.35
1.03	179.17
1.04	178.84
1.05	179.29
1.06	183.97
1.07	189.5
1.08	191.79
1.09	191.11
1.1	193.89
1.11	194.23
1.12	194.2
1.13	194.3
1.14	191.36
1.15	186.01
1.16	181.58
1.17	179.09
1.18	178.5
1.19	181.93
1.2	180.34
1.21	176.61
1.22	180.09
1.23	178.33
1.24	176.29
1.25	174.65
1.26	175.95
1.27	175.36
1.28	176.71
1.29	175.94
1.3	174.16
1.31	174.3
1.32	174.71
1.33	175.05
1.34	172.42
1.35	174.08
1.36	172.13
1.37	173.74
1.38	170.58
1.39	171.72
1.4	170.47
1.41	172.99
1.42	170.91
1.43	172.17
1.44	169.87
1.45	171.26
1.46	170.09
1.47	172.99
1.48	172.82
1.49	171.38
1.5	173.27
1.51	171.47
1.52	171.81
1.53	171.19
1.54	174.37
1.55	169.86
1.56	174.58
1.57	166.2
1.58	165.86
1.59	163.48
2	187.61
2.01	186.94
2.02	182.2
2.03	176.03
2.04	181.3
2.05	178.91
2.06	169.09
2.07	170.55
2.08	171.9
2.09	177.63
2.1	173.46
2.11	173.39
2.12	167.8
3.25	89.69
3.26	88.84
3.27	88.39
3.28	89.09
3.29	88.57
3.3	88.72
3.31	88.62
3.32	88.44
3.33	87.8
3.34	86.61
3.36	184.27
3.37	180.85
3.38	179.98
3.39	182.22
3.4	185.3
3.41	188.44
3.42	188.61
3.43	188.78
3.44	192.35
3.45	203.76
3.46	209.15
3.47	211.48
3.48	216.25
3.49	231.2
3.5	235.75
3.51	235.73
3.52	232.21
3.53	228.81
3.54	229.19
3.55	229.72
3.56	227.1
3.57	230.35
3.58	233.21
3.59	231.89
3.6	228.95
3.61	230.05
3.62	229.15
3.63	228.21
3.67	194.62
3.68	205
3.69	180.63
3.7	178.4
3.71	180.52
3.72	180.98
3.73	202.13
3.74	206.32
3.75	207.41
3.76	208.45
3.77	208.94
3.78	208.73
3.79	207.56
3.8	205.35
3.81	202.88
3.82	198.59
3.83	198.03
3.84	201.53
3.85	194.7
3.86	195.86
3.87	200.23
3.88	199.99
3.89	199.36
3.9	200.79
4.13	82.03
4.14	82.14
4.15	81.86
4.16	82.5
4.17	82.57
4.18	82.27
4.19	82.56
4.2	82.42
4.21	82.8
4.22	84.07
4.24	170.79
4.25	171.17
4.26	172.78
4.27	172.33
4.28	170.33
4.31	85.93
4.32	86.46
4.37	117.22
4.38	115.29
4.51	251.17
4.52	253.9
4.53	259.77
4.54	255.79
4.55	249.3
4.56	256.91
4.57	265.23
4.58	264.65
4.59	262.56
4.96	110.48
4.97	105.46
4.98	110.91
4.99	112.17
5	110.66
5.01	110.71
5.02	111.22
5.08	247.65
5.09	251.8
5.1	256.38
5.11	256.6
5.12	255.07
5.13	255.5
5.14	256.11
5.15	251.2
5.16	242.07
5.17	233.68
5.18	219.12
5.19	211.46
5.2	207.64
5.21	220.44
5.22	210.04
5.23	212.24
5.24	232.28
5.25	243.08
5.3	128.71
5.31	128.14
5.32	126.71
5.33	119.21
5.34	109.51
5.35	109.43
5.37	123.35
5.38	126.65
5.39	123.55
5.68	104.15
5.69	104.63
5.7	103.92
5.71	103.91
5.72	101.81
5.73	101.96
5.74	101.52
5.75	102.65
5.76	104.02
5.77	104.25
5.78	105.58
5.79	102.79
5.8	103.7
5.92	96.56
5.93	95.45
5.94	94.73
5.95	95.62
5.96	97.2
5.97	97.06
6.08	216.38
6.09	214.69
6.1	217.66
6.11	218.61
6.12	208.22
6.13	205.52
6.14	203.09
6.15	206.01
6.16	200.41
6.17	198.09
6.18	201.76
6.19	200.17
6.2	197.3
6.21	192.1
6.22	193.83
6.23	196.28
6.24	193.59
6.25	191.85
6.26	191.02
6.27	190.79
6.28	189.08
6.29	188.53
6.3	188.86
6.31	190.45
6.32	189.84
6.33	189.24
6.34	189.58
6.35	193.19
6.36	204.82
6.37	206.35
6.38	207.62
6.39	210.08
6.4	209.89
6.41	211
6.42	106.49
6.43	106.67
6.44	106.76
6.45	106.92
6.46	106.34
6.47	105.53
6.48	105.34
6.49	105.46
6.5	106.16
6.51	105.72
6.52	105.14
6.53	105.9
6.54	107.04
6.55	108.7
6.58	105.62
6.59	105.59
6.6	106.13
6.61	108.03
7.35	189.2
7.36	182.38
7.37	179.35
7.38	179.74
7.39	178.64
7.4	177.8
7.41	176.39
7.42	174.37
7.43	174.86
7.44	175.06
7.45	174.92
7.46	177.52
7.47	178.63
7.48	180.19
7.72	180.81
7.73	178
7.74	176.18
7.75	178.24
7.76	179.87
7.77	176.55
7.78	178.82
7.79	183.87
7.8	182.74
7.81	179.3
7.82	174.57
7.83	173.19
7.84	176.37
7.85	175.03
7.86	175.39
7.87	176.58
7.88	175.43
7.89	173.19
7.9	173.89
7.91	175.9
7.92	176.69
7.93	116.78
7.94	129.4
7.95	129.05
7.96	129.93
7.97	131.88
8.75	218.1
8.76	215.29
8.77	210.9
8.78	210.74
8.79	212.27
8.8	212.14
8.81	210.6
8.82	211.54
8.83	211.9
8.84	210.83
8.85	210.87
8.86	213.78
8.87	213.49
8.88	211.79
8.89	143.06
8.9	139.37
8.91	136.82
8.92	134.7
8.93	262.23
8.94	261.24
8.95	265.17
8.96	265.34
8.97	261.58
8.98	258.53
8.99	260.03
9	262.13
9.01	260.55
9.02	251.41
9.03	229.98
9.04	223.41
9.15	204.11
9.16	196.6
9.17	190.25
9.18	188.96
9.19	188.75
9.2	189.63
9.21	189.57
9.22	189.62
9.23	189.97
9.24	189.73
9.25	190.1
9.26	193.09
9.27	209
9.28	213.78
9.29	213.35
9.3	212.62
9.31	214.04
9.32	213.26
9.33	211.75
9.34	212.7
9.35	212.66
9.36	212.84
9.37	212.46
9.38	213.01
9.39	215.07
9.4	214.06
9.41	211.83
9.42	209.23
9.43	205.8
9.44	206.62
9.45	207.13
9.46	212.63
9.47	210.39
9.48	205.57
9.49	205.25
9.5	203.94
9.51	204.11
9.52	219.63
9.53	218.67
9.54	213.01
9.55	207.63
9.56	201.38
9.57	195.75
9.58	198.13
9.59	196.51
9.6	195.83
9.61	198.6
9.62	197.25
9.63	195.09
9.64	198.26
9.65	197.13
9.66	196.63
9.67	196.15
9.68	204.7
9.69	214.01
9.7	214.78
9.71	210.04
9.72	206.43
9.73	203.87
9.74	201.88
9.75	200.77
9.76	200.69
9.77	197.76
9.78	196.52
9.79	198.52
9.8	196.83
9.81	199.39
9.82	201.18
9.83	201.58
9.84	201.36
9.87	245.23
9.88	230.07
9.89	223.06
9.9	218.14
9.91	214.04
9.92	212.72
9.93	208.11
9.94	208.49
9.95	205.97
9.96	203.93
9.97	203.05
9.98	202.12
9.99	201.63
10	201.19
10.01	199.25
10.02	197.46
10.03	199.42
10.04	200.97
10.05	201.08
10.06	202.02
10.07	202.49
10.08	196.49
10.09	194.3
10.1	195.41
10.11	196.94
10.12	198.1
10.13	198.18
10.14	198.74
10.15	200.32
10.16	202.22
10.17	208.61
10.18	211.05
10.19	213.51
10.2	216.91
10.21	214.33
10.22	218.22
10.23	226.92
10.24	231.5
10.25	222.51
10.28	223.62
10.29	226.67
10.3	228.69
10.35	182.06
10.36	181.97
10.37	180.84
10.38	176.96
10.39	175.35
10.4	177.79
10.41	175.27
10.42	172.95
10.43	178.01
10.44	176.84
10.45	172.89
10.46	174.67
10.47	175.39
10.48	174.54
10.49	174.49
10.5	176.02
10.51	176.64
10.52	177.92
10.53	174.42
10.54	171.14
10.55	175.82
10.56	176.17
10.59	194.2
10.6	188.7
10.61	179.75
10.62	178.4
10.63	177.19
10.64	174.56
10.65	173
10.66	174.06
10.67	174.75
10.68	174.17
10.69	173.7
10.7	172.79
10.71	174.91
10.72	174.91
10.73	171.5
10.74	169.56
10.75	169.02
10.76	167.74
10.77	166.3
10.78	166.5
10.79	167.44
10.8	166.98
10.81	166.4
10.82	166.86
10.83	168.48
10.84	170.19
10.85	173.4
10.86	177.13
10.87	177.6
10.88	180.67
10.89	187.84
10.9	190.5
10.91	191.94
10.92	192.98
10.93	198.44
10.94	203.83
10.95	207.52
10.96	208.63
10.97	208.68
10.98	209.75
10.99	211.07
11	213.58
11.01	212.99
11.02	213.2
11.03	213.48
11.04	212.76
11.05	212.49
11.06	213.57
11.07	211.77
11.08	210.83
11.09	209.85
11.1	208.94
11.11	207.29
11.12	204.86
11.13	201.73
11.24	170.8
11.25	166.51
11.26	162.43
11.31	169.36
11.32	172.52
11.35	177.04
11.36	177.24
11.37	179.01
11.38	176.24
11.39	175.08
11.4	173.86
11.41	175.27
11.42	176.53
11.43	176.25
11.44	174.84
11.45	173.38
11.46	175.74
11.47	170.16
11.48	170.49
11.49	175.28
11.5	174.04
11.51	174.14
11.52	168.26
11.53	175.2
11.54	176.53
11.55	178.89
11.56	181.01
11.57	191.51
11.58	189.13
11.59	187.31
11.6	187.52
11.61	187.71
11.62	187.94
11.63	187.66
11.64	188.09
11.65	187.3
11.66	187.73
11.67	189.54
11.68	190.92
11.69	191.16
11.7	191.05
11.71	196.46
11.72	196.25
11.73	193.21
11.74	193.1
11.75	195.91
11.76	199.78
11.77	195.61
11.78	194.33
11.79	193.39
11.8	190.07
11.81	189.39
11.82	191.94
11.83	193.01
11.84	190.99
11.85	187.96
11.86	189.69
11.87	190.54
11.88	201.14
11.89	199.82
11.9	196.17
11.91	186.92
11.92	181.07
11.93	176.75
11.94	195.74
11.95	193.33
11.96	180.22
11.97	181.12
11.98	190.87
11.99	191.19
12	197.67
12.01	201.08
12.04	176.3
12.05	177.69
12.06	177.48
12.07	175.44
12.08	176.88
12.09	175.45
12.1	175.79
12.11	178.4
12.12	177.03
12.13	173.95
12.14	173.02
12.15	175.76
12.16	177.31
12.17	175.8
12.18	173.57
12.23	173.79
12.24	175.45
12.25	176.85
12.26	189.63
12.27	191.03
12.28	197.99
12.29	197.13
12.3	191.19
12.31	191.36
12.32	194.49
12.33	191.99
12.34	191.19
12.35	193
12.36	190.77
12.46	200.36
12.47	208.53
12.48	211.92
12.49	214.67
12.5	211.58
12.51	209.69
12.52	210.77
12.53	210.05
12.54	209.11
12.55	210.06
12.56	209.67
12.57	209.09
12.58	208.42
12.59	208.27
12.6	210.97
12.61	215.11
12.62	215.58
12.63	108.55
12.64	105.32
12.65	105.16
12.66	106.55
12.67	107.47
12.68	102.81
12.69	107.48
12.75	110.35
12.76	106.39
12.77	103.35
12.78	102.95
12.79	106.76
12.8	106.99
12.81	108.33
12.82	109.75
12.85	110.07
12.86	112.01
12.87	112.27
12.88	119.4
12.89	120.18
13.13	120.53
13.14	121.06
13.25	85.05
13.26	85.25
13.27	85.64
13.28	87.94
13.29	85.6
13.3	84.6
13.31	85.66
13.32	84.81
13.33	85.25
13.34	84.72
13.35	86.37
13.36	162.92
13.37	166.3
13.38	166.57
13.39	168.6
13.4	165.44
13.41	166.39
13.42	164.5
13.43	166.83
13.44	167.19
13.58	184.19
13.59	180.83
13.6	179.16
13.61	179.32
13.62	181.66
13.63	182.71
13.64	180.61
13.65	179.8
13.66	181.51
13.67	181.39
13.73	190.11
13.74	187.2
13.75	189.23
13.76	186.96
13.77	185.52
13.78	184.12
13.79	182.04
13.8	182.62
13.81	184.09
13.82	185
13.83	184.34
13.84	181.74
13.85	182.24
13.86	183.3
13.87	184.04
13.9	92.08
13.91	91.81
13.92	91.54
13.93	91.5
13.94	91.66
13.95	94.12
13.96	92.88
13.97	113.2
13.98	115.85
14.33	86.05
14.34	86.27
14.39	82.44
14.4	81.91
14.41	90.48
14.42	84.03
14.43	83.54
14.44	82.87
14.46	177.33
14.47	166.02
14.48	170.78
14.49	171.69
14.5	173.13
14.51	175.59
14.52	173.5
14.53	170.22
14.54	173.15
14.55	174.68
14.56	176.08
14.57	171.59
14.58	170.77
14.59	172.28
14.6	87.89
14.61	88.72
14.62	87.21
14.63	86.08
14.64	86.79
14.74	104.93
14.75	104.63
14.76	103.9
14.77	104.37
14.78	104.4
14.79	102.1
14.8	102.71
14.81	99.65
14.82	99.07
14.83	99.41
14.84	99.28
14.96	91.18
14.97	89.27
14.98	87.79
14.99	172.27
15	171.56
15.01	175.5
15.02	175.59
15.03	174.64
15.04	176.18
15.05	175.76
15.06	174.8
15.19	101.56
15.2	101.05
15.21	99.06
15.22	97.62
15.23	100.73
15.24	99.08
15.25	97.41
15.26	98.41
15.27	100.26
15.28	98.88
15.29	97.95
15.3	98.81
15.31	98.48
15.32	98.63
16.12	185.12
16.13	183.13
16.14	180.36
16.15	179.72
16.16	178.55
16.17	178.12
16.18	176.95
16.19	176.19
16.2	176.2
16.21	175.3
16.22	175.48
16.23	173.71
16.24	172.71
16.25	171.83
16.26	173.46
16.27	173.14
16.28	172.72
16.29	171.52
16.3	172.16
16.31	170.86
16.32	172.44
16.33	171.91
16.34	173
16.35	169.82
16.36	170.29
16.37	168.87
16.38	169.83
16.39	168.58
16.4	170.57
16.41	170.33
16.42	174.33
16.43	174.05
16.44	175.56
16.45	178.76
16.53	92.82
16.54	90.28
16.55	89.38
16.56	87.92
16.57	88.5
16.58	89.74
16.59	88.78
16.6	88.45
16.61	88.52
16.62	88.36
16.63	88.39
16.64	87.75
16.65	87.14
16.72	182.79
16.73	182.51
16.74	184.36
16.75	183.53
16.76	181.87
16.77	179.95
16.78	181.69
16.79	180.5
16.8	177.87
16.81	176.18
16.82	177.1
16.83	178.58
16.84	177.91
16.85	176.1
16.86	174.25
16.87	173.5
16.88	88.16
16.89	88.17
16.9	88.56
16.91	88.92
16.92	86.76
16.93	87.27
16.94	88.74
16.95	86.46
16.96	89.32
16.97	90.74
17.06	109.77
17.07	108.61
17.08	106.46
17.09	105.65
17.1	107
17.11	107.67
17.12	110.3
17.13	110.74
17.14	108.54
17.15	107.86
17.16	111.18
17.17	109.55
17.18	109.26
17.19	116.41
17.2	118.44
17.21	119.22
17.95	197.6
17.96	192.19
17.97	178.27
17.98	181.66
17.99	180.83
18	174.23
18.01	174.27
18.02	175.32
18.03	176.74
18.04	175.57
18.05	176.28
18.06	176.62
18.07	177.46
18.08	178.29
18.09	178.08
18.1	177.8
18.11	177.18
18.12	180.17
18.13	180.11
18.14	180.14
18.23	104.63
18.24	102.4
18.25	101.21
18.26	101.6
18.27	102.77
18.28	104.95
18.29	106.76
18.3	215.62
18.31	215.53
18.32	213.82
18.33	212.64
18.34	214.12
18.35	213.83
18.36	212.65
18.37	210.03
18.38	210.37
18.39	213.25
18.4	205.76
18.41	203.89
18.42	197.98
18.43	188.89
18.44	187.7
18.45	180.35
18.46	178.5
18.47	184.29
18.48	181.38
18.49	176.78
18.5	177.87
18.51	176.82
18.52	176.28
18.55	182.33
18.56	179.68
18.57	169.89
18.58	172.42
18.59	180.35
18.6	177.16
18.61	174.19
18.62	179.74
18.63	175.09
18.64	171.96
18.65	181.37
18.66	180.47
18.67	182.67
18.68	178.9
18.69	174.02
18.7	172.02
18.71	171.92
18.72	174.36
18.73	175.59
18.74	175.91
18.75	172.16
18.76	175.52
18.77	174.99
18.78	174.87
18.79	173.1
18.8	174.16
18.83	88.34
18.84	88.38
18.85	89.48
18.86	90.45
18.87	88.75
18.88	90.51
18.89	90.54
18.9	89.09
18.91	90.16
18.92	89.56
18.93	86.77
18.94	89.63
18.95	89.67
18.96	91.99
19.16	121.43
19.17	120.31
19.18	124.14
19.65	90.61
19.66	91.06
19.67	89.79
19.68	90.55
19.69	88.82
19.7	89.38
19.71	93.54
19.72	92.61
19.73	90.39
19.74	89.87
19.75	93.68
19.76	94.01
19.77	92.66
19.78	92.24
19.79	92.18
19.8	91.23
19.81	90.22
19.82	90.88
19.83	91.05
19.84	91.12
19.85	91.94
19.86	92.15
19.87	92.22
19.88	92.99
19.89	93.82
19.9	94.71
19.91	95.95
19.92	96.17
19.93	94.88
19.94	100.66
19.95	100.31
19.96	100.36
19.97	101.91
19.98	102.55
19.99	103.5
20	103.7
20.01	104.24
20.02	104.09
20.03	103.66
20.04	102.69
20.05	102.43
20.06	102.93
20.07	103.1
20.08	102.9
20.09	102.94
20.1	104.37
