time	f0
0.024	96.45
0.034	96.84
0.044	96.64
0.054	96.17
0.064	96.67
0.074	97.02
0.084	96.51
0.094	96.15
0.104	96.21
0.114	96.79
0.124	97.7
0.134	96.39
0.144	95.45
0.154	94.53
0.164	93.87
0.174	92.97
0.184	91.4
0.194	91.69
0.204	91.65
0.214	91.05
0.224	90.98
0.234	90.79
0.244	90.36
0.254	91.27
0.264	93.96
0.274	94.44
0.284	96.31
0.294	97.57
1.564	180.87
1.574	181.13
1.584	186.11
1.594	185.2
1.604	186.54
1.614	186.26
1.624	185.65
1.634	185.91
1.644	189.36
1.654	187.75
1.664	187.47
1.674	186.42
1.684	184.6
1.884	96.14
1.894	93.75
1.904	91.82
1.914	91.68
1.924	90.43
1.934	89.75
1.944	90.05
1.954	89.62
1.964	89.71
1.974	92.26
1.984	91.84
1.994	90.58
2.004	90.63
2.014	89.68
2.024	89.09
2.034	89.42
2.044	89.69
2.054	91.32
2.064	95.66
2.074	100.41
2.084	103.12
2.094	102.85
2.104	103.47
2.114	103.72
2.124	102.34
2.134	101.61
2.144	99.63
2.154	98.63
2.164	98.44
2.174	97.06
2.184	94.89
2.194	94.2
2.204	97.2
2.214	97.67
2.224	95.86
2.234	96.66
2.244	195.76
2.254	194.18
2.264	193.48
2.274	197.41
2.284	198.72
2.294	208.24
2.304	210.93
2.314	213.4
2.324	216.74
2.334	218.48
2.344	220.76
2.354	222.21
2.364	220.5
2.374	220.31
2.384	220.44
2.394	220.1
2.404	220.78
2.414	221.85
2.424	223.33
2.434	223.51
2.444	223.31
2.454	243.62
2.464	246.17
2.474	248.84
2.484	250.04
2.494	250.08
2.504	249.36
2.514	247.39
2.524	246.03
2.534	246.15
2.544	246.27
2.554	247.68
2.564	247.27
2.574	246.64
2.584	245.15
2.594	244.12
2.604	246.36
2.614	248.64
2.624	246.73
2.634	251.56
2.644	251.4
2.654	243.48
2.664	249.61
2.674	254.27
4.114	215.79
4.124	216.89
4.134	217.29
4.144	219.16
4.154	219.66
4.164	217.73
4.174	217.62
4.184	216.67
4.194	217.92
4.204	218.66
4.214	221.08
4.224	219.88
4.234	214.29
4.244	221.54
4.254	222.17
4.264	231.33
4.274	220.05
4.284	217
4.294	209.81
4.304	202.08
4.314	196.5
4.324	193.64
4.334	200.72
4.344	204.09
4.354	212.19
4.364	210.79
4.374	207.95
4.384	205.98
4.394	212.91
4.404	211.34
4.414	214.03
4.424	212.23
4.434	217.56
4.444	209.04
4.454	216.64
4.464	213.89
4.474	211.7
4.534	193.71
4.544	195.69
4.554	195.18
4.564	188.49
4.574	190.35
4.584	194.69
4.594	194.33
4.604	200.98
4.614	193.54
4.624	191.91
4.634	197.01
4.644	193.78
4.654	199.97
4.664	202.31
4.674	200.72
4.684	199.02
4.694	198.64
4.704	199.68
4.714	199.03
4.724	197.4
4.734	197.03
4.744	199.56
4.754	201.18
4.764	200.71
4.774	199.6
4.784	199.78
4.794	200.96
4.804	202.55
4.814	205.88
4.824	208.95
4.834	209.37
4.844	210.34
4.854	211.3
4.864	110.9
4.874	110.91
4.884	108.33
4.894	106.76
4.904	105.34
4.914	197.52
4.924	192.97
4.934	190
4.944	187.31
4.954	185.29
4.964	183.15
4.974	183.21
4.984	181.11
4.994	179.21
5.004	178.4
5.014	176.91
5.024	176.17
5.034	175.13
5.044	174.49
5.054	173.59
5.064	172.44
5.074	171.79
5.084	172.21
5.094	170.55
5.104	170.58
5.114	171.04
5.124	86.18
5.134	87.84
5.144	88.89
5.154	88.6
5.164	88.57
5.174	89.44
5.184	89.01
5.194	88.85
5.204	89.11
5.214	88.98
5.224	89.89
5.234	90.31
5.244	90.28
5.254	89.95
5.264	89.34
5.274	88.97
5.284	92.61
5.294	92.42
5.304	88.17
5.314	88.84
5.324	87.93
5.334	94.39
5.344	90.34
5.354	90.96
5.364	90.44
5.374	94.03
5.384	93.67
5.394	90.98
5.404	90.63
5.414	92
5.424	90.66
5.434	91.81
5.444	94.2
5.454	93.83
5.464	96.9
5.474	99.64
5.484	98.61
5.494	100.75
5.504	102.71
5.514	212.52
5.524	222.92
5.534	219.55
5.544	214.73
5.554	212.64
5.744	228.68
5.754	230.13
5.764	231.03
5.774	233.9
5.784	233.6
5.794	226.46
5.804	227.49
5.814	239.57
5.824	235.33
5.834	228.58
5.994	102.86
6.004	102.25
6.014	100.49
6.024	97.82
6.034	95.25
6.044	99.11
6.054	97.87
6.064	95.33
6.074	93.53
6.084	94.85
6.094	94.26
6.104	91.74
6.114	91.75
6.124	95.54
6.134	95.13
6.144	93.84
6.154	93.65
6.164	94.68
6.174	93.99
6.184	93.5
6.194	94.09
6.204	94.25
6.214	94.12
6.224	94.3
6.234	94.39
6.244	92.82
6.254	91.82
6.264	96.08
6.274	92.46
6.284	94.07
6.294	92.83
6.304	92.27
6.314	94.13
6.324	93.42
6.334	91.46
6.344	91.27
6.354	91.5
6.364	92.22
6.374	92.09
6.384	92.3
6.494	197.49
6.504	190.11
6.524	97.44
6.534	100.02
6.544	98.24
6.564	252.54
6.574	248.88
6.674	226.14
6.684	229.29
6.694	230.84
6.704	229.52
6.714	226.41
6.724	225.5
6.734	222.81
6.904	88
6.914	86.87
6.924	85.69
6.934	86.03
6.944	86.15
6.954	86.22
6.964	86.47
6.974	86.31
6.984	86.7
6.994	89.5
7.004	92.97
7.014	87.5
7.024	87.37
7.034	86.94
7.044	86.36
7.114	102.99
7.124	100.72
7.134	99.16
7.144	99.62
7.154	99.53
7.164	101.06
7.174	101.8
7.184	103.15
7.194	105.31
7.204	107.88
7.214	107.92
7.224	107.96
7.364	117.25
7.374	117.21
7.384	116.05
7.394	115.33
7.404	114.17
7.414	113.77
7.424	112.31
7.434	110.82
7.444	112.17
7.454	112.71
7.464	112.84
7.474	113.75
7.484	115.16
7.494	116.95
7.504	119.32
7.514	121.57
7.524	123.75
7.534	125.54
7.544	253.42
7.554	256.2
7.564	257.78
7.574	260.28
7.584	265.25
7.594	270.56
7.604	273.66
7.614	267.07
7.624	263.46
7.634	260.76
7.644	258.01
7.654	258.49
7.664	259.64
7.674	261.12
7.684	263.36
7.694	264.07
8.764	232.4
8.774	225.4
8.784	224.91
8.794	226.34
8.804	227.39
8.814	226.7
8.824	221.93
8.834	223.97
8.844	225.23
8.854	224.88
8.864	227.97
8.874	227.58
8.884	226.76
8.934	221.75
8.944	224.18
8.954	219.44
8.964	215.51
8.974	213.76
8.984	213.27
8.994	214.46
9.004	216.13
9.014	212.86
9.024	212.7
9.034	215.7
9.044	215.96
9.054	220.28
9.064	215.52
9.074	216.71
9.084	218.37
9.094	215.63
9.104	213.63
9.114	216.23
9.124	215.12
9.134	219.02
9.144	219.31
9.154	213.66
9.164	217.79
9.174	214.5
9.184	216.62
9.194	216.83
9.204	220.54
10.104	78.91
10.114	78.68
10.224	103.52
10.234	103.25
10.244	104.25
10.254	101.81
10.264	101.99
10.274	102.01
10.284	204.09
10.294	203.42
10.304	202.4
10.314	200.74
10.324	198.45
10.334	196.73
10.344	195.7
10.354	194.33
10.364	192.88
10.374	193.2
10.384	192.91
10.394	191.67
10.404	191.78
10.414	191.77
10.424	190.78
10.434	190.29
10.444	189.87
10.454	188.84
10.464	188.04
10.474	187.14
10.484	186.16
10.494	184.95
10.504	184.52
10.514	183.77
10.524	182.64
10.534	181.74
10.544	182.18
10.554	182.92
10.564	183.18
10.574	183.42
10.584	182.84
10.594	181.65
10.604	182.05
10.614	181.79
10.624	181.97
10.634	182.26
10.644	181.86
10.654	181.66
10.664	183.3
10.674	186.21
10.684	183.96
10.694	190.04
10.704	190.59
10.714	189.94
10.724	191.28
10.734	192.67
10.744	193.27
10.754	199.22
10.764	199.13
10.774	199.2
10.784	201.06
10.794	207.12
10.804	217.5
10.814	206.91
10.824	210.24
10.834	209.94
10.874	227.33
10.884	229.23
10.894	215.92
10.904	209.88
11.584	236.47
11.594	213.79
11.604	217.91
11.614	222.33
11.624	224.59
11.634	226.97
11.644	228.58
11.654	229.69
11.664	229.16
11.674	227.99
11.684	226.8
11.694	225.59
11.704	223.88
11.714	220.61
11.724	217.91
11.734	216.15
11.744	217.66
11.754	219.07
11.764	220.81
11.774	222.57
11.784	216.76
11.794	217.32
11.804	208.05
11.814	208.78
11.824	221.87
11.834	220.87
11.844	226.14
11.854	226.68
11.864	226.9
11.874	216.89
11.884	206.93
11.894	203.38
11.924	199.24
11.934	196.09
11.944	189.93
11.954	188.91
11.964	189.01
11.974	191.63
11.984	191.17
11.994	195.19
12.004	195.79
12.014	194.2
12.024	192.11
12.034	193.63
12.044	194.73
12.054	195.85
12.064	197.33
12.074	198.93
12.084	199.87
12.094	199.77
12.104	198.8
12.114	195.43
12.124	195.55
12.134	201.78
12.144	202.5
12.154	201.61
12.164	202.28
12.174	208.96
12.184	205.32
12.194	208.66
12.204	210.82
12.214	215.58
12.224	213.24
12.234	112.12
12.244	104.33
12.254	108.7
12.264	96.19
12.274	101.21
12.284	98.42
12.294	96.86
12.304	96.5
12.314	95.33
12.324	93.09
12.334	92.85
12.344	93.87
12.354	93.99
12.364	93.39
12.374	111.42
12.384	110.21
12.704	98.9
12.714	96.93
12.724	97.67
12.734	98.63
12.744	101.19
12.754	101.25
12.764	103.61
12.824	110.84
12.834	114.16
12.844	114.29
12.854	114.37
12.864	114.09
12.874	113.52
12.884	113.81
12.894	114.01
12.904	113.33
12.914	109.12
13.044	232.16
13.054	217.78
13.064	211.64
13.074	212.06
13.084	207.53
13.094	202.96
13.104	201.91
13.114	198.85
13.124	199.03
13.134	200.49
13.144	200.4
13.154	200.7
13.164	203.17
13.174	203.68
13.184	204.29
13.194	208.26
13.204	211.38
13.214	212.02
13.224	210.21
13.234	210.92
13.244	217.14
13.254	215.99
13.264	210.94
13.274	209.03
13.284	207.23
13.294	205.92
13.304	204.26
13.314	200.8
13.324	199.23
13.334	201.96
13.344	200.97
13.354	197.15
13.364	190.83
13.374	188.65
13.384	189.9
13.394	187.41
13.404	184.71
13.414	184.53
13.424	181.9
13.434	176.35
13.444	175.9
13.454	174.37
13.464	173.83
13.474	173.2
13.484	171.63
13.494	170.15
13.504	169.97
13.514	171.17
13.524	171.2
13.534	170.94
13.544	171.48
13.554	171.01
13.564	85.68
13.574	88.01
13.584	90
13.594	87.87
13.604	89.31
13.614	89.85
13.624	90.29
13.634	90.55
13.644	91.41
13.654	91.66
13.774	204.78
13.784	203.98
13.934	102.47
13.944	102.1
13.954	101.47
13.964	102.19
13.974	103.07
13.984	104.32
13.994	105.06
14.004	105.63
14.014	106.76
14.024	107.19
14.034	107.92
14.044	108.23
14.054	107.85
14.064	108.21
14.074	108.46
14.084	108.12
14.094	108.21
14.104	107.74
14.114	108.75
14.124	108.43
14.134	107.49
14.144	107.15
14.154	107.2
14.164	107.42
14.174	106.13
14.184	108.03
14.194	107.19
14.204	106.99
14.214	108.75
14.224	108.08
14.234	108.16
14.244	104.19
14.254	102.63
14.264	101.15
14.274	101.65
14.284	98.05
14.294	96.32
14.304	96.69
14.314	99.18
14.414	204.7
14.424	201.38
14.434	191.8
14.444	189.51
14.454	188.19
14.464	187.65
14.474	189.05
14.484	186.72
14.494	184.43
14.504	185.55
14.514	186.59
14.524	188.41
14.534	192.9
14.544	193.42
14.554	194.23
14.564	96.91
14.574	98.37
14.584	98.01
14.594	98.25
14.604	97.96
14.614	97.7
14.624	196.57
14.634	199.23
14.644	203.26
14.654	208.61
14.664	213.64
14.674	217.27
14.684	217.82
14.694	221.43
14.704	223.64
14.714	219.95
14.724	217.81
14.734	218.28
14.744	217.16
14.934	184.21
14.944	185.06
14.954	181.87
14.964	180.21
14.974	181.66
14.984	183.14
14.994	183.47
15.004	185.61
15.014	189.5
15.024	202.14
15.794	197.23
15.804	194.67
15.814	194.17
15.824	194
15.834	194.7
15.844	194.37
15.924	228.08
15.934	220.89
15.944	212.39
15.954	212.5
15.964	214.32
15.974	214.7
15.984	218.95
15.994	217.69
16.004	218.58
16.084	219.95
16.094	220.59
16.104	214.92
16.114	212.2
16.244	240.92
16.254	228.28
16.264	225.6
16.274	225.4
16.284	225.17
16.294	226.91
16.304	230.14
16.314	230.32
16.454	220.18
16.464	212.63
16.474	212.56
16.484	211.6
16.494	214.77
16.504	222.87
16.514	222.81
16.524	222.68
16.534	222.91
16.544	222.85
16.554	223.37
16.564	222.61
16.574	224.46
16.584	231.18
16.594	206.9
16.604	199.35
16.614	195.66
16.624	192.87
16.634	190.29
16.644	190.22
16.654	191.34
16.664	190.4
16.674	189.27
16.684	188.38
16.694	189.36
16.704	190.12
16.714	191.42
16.724	194.73
16.734	195.62
16.744	192.98
16.754	192.76
16.764	192.99
16.774	199.59
16.784	199.3
16.794	200.62
16.804	192.57
16.814	189.77
16.824	191.99
16.884	103.85
16.894	103.96
16.904	103.23
16.914	103.78
16.924	103.2
16.934	101.37
16.944	100.51
16.954	101.7
17.094	211.84
17.104	199.08
17.114	195.78
17.124	193.53
17.134	192.2
17.144	193.47
17.154	198.24
17.164	191.73
17.174	192.75
17.184	204.77
17.194	200.02
17.204	201.33
17.244	206.62
17.254	194.79
17.264	184.42
17.274	180.72
17.284	180.56
17.294	180.05
17.304	181.18
17.314	182.69
17.324	185.79
17.334	188.34
17.344	191.02
17.354	189.1
17.454	102.8
17.464	102.02
17.474	102.27
17.484	100.9
17.494	98.64
17.504	98.64
17.514	99.73
17.524	100.24
17.534	102.01
17.544	101.7
17.554	103.34
17.564	102.87
17.574	101.33
17.584	201.66
17.594	200.82
17.604	200.88
17.614	199.84
17.624	199.62
17.634	198.17
17.644	196.37
17.654	194.42
17.664	191.87
17.674	189.57
17.684	186
17.694	183.31
17.704	182.16
17.714	181.71
17.724	181.74
17.734	181.27
17.744	181.17
17.754	181.12
17.764	179.2
17.774	177.08
17.784	176.2
17.794	178.2
17.804	180.19
18.114	92.64
18.124	92.47
18.134	91.48
18.144	89.81
18.154	88.66
18.164	88.44
18.174	88.24
18.184	87.98
18.194	89.21
18.204	89.24
18.214	88.53
18.224	89.98
18.234	89.45
18.244	89.9
18.254	91.95
18.264	90.12
18.274	90.77
18.284	211.66
18.294	208.84
18.304	209
18.314	207.75
18.324	221.89
18.334	213.7
18.344	215
18.354	223.16
18.364	212.77
18.974	195.02
18.984	196.23
18.994	205.6
19.004	211.34
19.014	221.28
19.024	223.08
19.034	218.05
19.044	217.64
19.054	218.33
19.064	216.09
19.074	210.6
19.084	211.69
19.094	218.4
19.104	213.54
19.114	214.05
19.124	213
19.134	213.73
19.144	214.3
19.154	220.6
19.164	213.52
19.174	213.62
19.184	214.75
19.194	215.19
19.204	237.09
19.214	214.38
19.224	205.13
19.234	200.26
19.244	193.62
19.254	190.48
19.264	193.56
19.274	191.79
19.284	188.38
19.294	188.09
19.304	188.66
19.314	186.61
19.324	184.12
19.334	186.31
19.344	184.63
19.354	188.61
19.364	191.32
19.374	187.69
19.384	183.61
19.394	185.94
19.404	186.72
19.414	187.06
19.424	187.96
19.434	188.13
19.444	187.1
19.454	186.31
19.464	186.53
19.474	185.44
19.484	183.22
19.494	183.48
19.504	182.58
19.514	181.04
19.524	181.85
19.534	179.99
19.544	179.43
19.554	179.86
19.564	177.12
19.574	176.76
19.584	175.87
19.594	86.97
19.604	88.37
19.614	90.64
19.624	91.46
19.634	91.14
19.644	90.8
19.654	90.6
19.664	90.18
19.674	88.81
19.684	89.88
19.694	90.19
19.704	90.42
19.714	91
19.724	92.38
19.734	94.61
19.744	95.98
19.754	98.46
19.764	100.19
19.774	101.68
19.784	101.94
19.824	200.99
19.834	195.3
20.474	188.33
20.484	192.02
20.494	192.72
20.504	191.88
20.514	190.01
20.524	189.02
20.534	187.58
20.544	186.65
20.554	185.79
20.564	183.83
20.574	183.87
20.584	183.3
20.594	180.69
20.604	179.27
20.614	180.05
20.624	180.27
20.634	179.85
20.644	180.21
20.654	179.61
20.664	179.25
20.674	179.51
20.684	179.13
20.694	177.79
20.704	177.91
20.714	177.12
20.724	176.78
20.734	176.46
20.744	176.24
20.754	176.08
20.764	176.16
20.774	176.27
20.784	176.14
20.794	175.02
20.804	175.33
20.814	175.49
20.824	174.74
20.834	174.2
20.844	176.82
20.854	179
20.864	180.72
20.874	183.05
20.884	184.25
20.894	186.37
20.904	186.02
20.914	186.26
20.994	181.65
21.004	185.22
21.064	215.99
21.074	202.59
21.084	200.25
21.094	197.76
21.104	196.79
21.114	194.87
21.124	193.57
21.134	193.58
21.144	193.73
21.154	193.53
21.164	195.38
21.174	195.11
21.184	193.94
21.194	195.1
21.264	219.86
21.274	217.67
21.284	207.92
21.294	209.68
21.304	211.4
21.454	249.3
21.464	247.4
21.474	240.39
21.484	232.5
21.494	226.94
21.504	227.05
21.514	225.51
21.524	223.12
21.534	216.06
21.544	212.72
21.554	207.28
21.564	200.11
21.574	96.4
21.584	95.52
21.594	94.08
21.604	92.07
21.614	91.73
21.624	92.98
21.634	90
21.644	89.42
21.654	91.12
21.664	90.82
21.674	88.26
21.684	92.96
21.694	92.97
21.874	210.03
21.884	201.91
21.894	197.7
21.904	193
21.914	193.26
21.924	197.42
21.934	200.83
21.944	202.15
22.304	103.75
22.314	105.89
22.364	205.46
22.374	214.42
22.384	220.01
22.434	244.94
22.444	238.68
22.454	239.42
22.464	230.97
22.474	226.27
22.484	223.53
22.494	215.94
22.504	213.35
22.514	221.94
22.524	222.47
22.534	218.16
22.544	219.94
22.554	217.55
22.564	216.54
22.574	218.27
22.594	106.76
22.604	106.8
22.614	106.79
22.624	111.8
