time	f0
0.214	88.32
0.224	102.29
0.234	97.25
0.244	98.11
0.254	98.26
0.264	98.71
0.274	98.6
0.284	98.71
0.294	97.77
0.304	96.98
0.314	97.13
0.324	97.13
0.334	96.49
0.344	96.21
0.354	95.99
0.364	96.06
0.374	95.73
0.384	95.5
0.394	95.89
0.404	95.71
0.414	95.51
0.424	95.26
0.434	95.32
0.444	96.83
0.454	96.59
0.464	96.71
0.474	96.81
0.484	96.75
0.494	97
0.504	98
0.514	98.14
0.524	99.13
0.534	99.64
0.544	99.38
0.554	99.08
0.564	99.51
0.574	99.82
0.584	99.83
0.594	99.69
0.604	100.14
0.614	99.91
0.624	100.45
0.634	99.91
0.644	99.33
0.654	99.22
0.664	98.78
0.674	99.57
0.684	99.18
0.694	98.54
0.704	95.69
0.714	93.38
0.724	96.51
0.734	100.42
0.744	93.86
0.754	97.93
0.764	99.45
0.774	102.31
0.784	122.07
0.794	118.18
0.804	115.07
0.814	115.1
0.824	114.91
0.834	114.52
0.844	113.89
0.854	113.87
0.864	113.77
0.874	113.75
0.884	113.21
0.894	112.66
0.904	111.85
0.914	108.4
0.924	105.53
0.934	104.2
0.944	103.79
0.954	102.16
0.964	102.56
0.974	103.38
0.984	103.04
0.994	101.41
1.004	100.23
1.014	101.9
1.164	108.54
1.174	112.66
1.184	113.51
1.194	115.05
1.204	116.7
1.214	117.47
1.224	117.72
1.234	117.53
1.244	116.79
1.254	116.81
1.264	116.98
1.274	114.49
1.284	113.74
1.294	112.25
1.304	108.66
1.314	108.11
1.324	105.86
1.334	112.45
1.344	69.51
1.354	69.2
1.384	106.15
1.394	108.88
1.404	108.11
1.414	108.09
1.424	107.67
1.434	106.74
1.444	107.61
1.454	108.85
1.464	110.53
1.474	111.36
1.484	111.38
1.494	111.04
1.504	109.75
1.514	108.71
1.524	107.4
1.534	108.54
1.544	108.98
1.554	102.72
1.564	103.13
1.574	103.05
1.584	103.44
1.594	102.37
1.604	101.61
1.614	106.15
1.624	103.16
1.634	104.42
1.644	103.7
1.654	103.57
1.664	103.97
1.674	104.31
1.684	104.71
1.694	105.44
1.704	106.85
1.714	105.37
1.724	105.91
1.734	106.84
1.744	106.61
1.754	108.84
1.764	106.93
1.774	105.9
1.784	106.31
1.794	106.52
1.804	98.78
1.814	121.53
1.824	114.79
1.834	114.63
1.844	112.84
1.854	106.94
1.864	108.37
1.874	107.6
1.884	108.1
1.894	113.96
1.904	114.06
1.914	112.99
1.924	107.76
2.374	107.77
2.384	108.64
2.394	108.16
2.404	107.73
2.414	107.76
2.424	107.18
2.434	106.65
2.444	105.73
2.454	105.21
2.464	104.63
2.474	71.44
2.484	69.5
2.494	71.74
2.504	72.49
2.514	72.21
2.524	71.37
2.534	71.5
2.544	93.52
2.554	101.18
2.564	111.62
2.574	117.16
2.584	121.26
2.594	121.55
2.604	122.73
2.614	124.3
2.624	122.81
2.634	120.85
2.644	118.81
2.654	116.05
2.664	112.31
2.674	102.71
2.684	95.89
2.694	93.01
2.784	90.81
2.794	93.38
2.804	93.27
2.814	92.73
2.824	91.69
2.834	90.53
2.844	91.22
2.854	90.79
2.864	88.59
2.874	88.18
2.884	86.72
2.894	85.03
2.904	83.99
2.914	83.6
2.924	85.24
2.934	86.57
2.944	87.77
2.954	88.59
2.964	88.65
2.974	87.72
2.984	86.74
2.994	86.47
3.004	86.7
3.014	86.88
3.024	86.53
3.034	87.01
3.044	83.93
3.054	82.13
3.064	80.25
3.074	83.02
3.084	90.09
3.094	94.6
3.104	97.17
3.114	97.19
3.124	96.57
3.134	97.17
3.144	97.47
3.154	94.07
3.164	95.5
3.174	96.65
3.184	96.78
3.194	95.97
3.204	93.77
3.214	93.2
3.224	95.59
3.234	70.93
3.244	70.34
3.294	92.63
3.304	94.8
3.314	96.18
3.324	98.13
3.334	100.51
3.344	101.53
3.354	100.66
3.364	98.7
3.374	96.08
3.384	93.85
3.394	94.69
3.404	91.1
3.414	92.67
3.424	97.76
3.434	101.73
3.444	101.28
3.454	97.42
3.464	97.38
3.474	96.53
3.484	96.46
3.494	96.05
3.504	92.55
3.514	91.23
3.524	91.19
3.534	96.08
3.544	96.45
3.554	96.64
3.564	96.77
3.624	88.74
3.634	92.76
3.644	97.19
3.654	95.63
3.664	96.1
3.674	96.15
3.684	95.6
3.694	95.1
3.704	94.56
3.714	94.22
3.724	94.85
3.734	95.17
3.744	95.22
3.754	95.94
3.764	96.22
3.774	97.21
3.784	99.02
3.794	98.15
3.804	97.04
3.814	97.57
3.824	98.08
3.834	98.85
3.844	100
3.854	100.07
3.864	99
3.874	98.68
3.884	98.69
3.894	97.43
3.904	99.54
3.914	99.7
4.054	87.62
4.064	87.43
4.074	88.32
4.084	89.37
4.094	88.21
4.104	88.25
4.114	87.94
4.124	86.69
4.134	85.99
4.144	96.04
4.884	95.88
4.894	96.45
4.904	95
4.914	92.37
4.924	95.54
4.934	96.17
4.944	95.28
4.954	94.78
4.964	94.74
4.974	94.75
4.984	94.3
4.994	93.92
5.004	93.62
5.014	93.32
5.024	92.93
5.034	92.51
5.044	92.34
5.054	92.06
5.064	91.95
5.074	91.47
5.084	90.52
5.094	93.49
5.104	100.95
5.114	101.01
5.124	101.45
5.134	102.74
5.144	102.43
5.154	102.26
5.164	101.76
5.174	98.03
5.184	98.69
5.194	98.74
5.204	98.39
5.214	98.37
5.224	98.51
5.234	102.6
5.244	102.64
5.254	106.43
5.264	105.35
5.274	104.23
5.284	103.2
5.294	102.86
5.304	102.19
5.314	100.96
5.324	98.82
5.334	93.04
5.344	98.79
5.354	101.67
5.364	102.35
5.374	101.76
5.384	102.21
5.394	101.8
5.404	101.87
5.414	102.3
5.424	102.47
5.434	102.27
5.444	102.89
5.454	101.83
5.464	98.69
5.844	82.37
5.854	82.1
5.864	90.8
5.874	106.37
5.884	109.85
5.894	109.38
5.904	107.03
6.004	120.11
6.014	120.35
6.024	119.16
6.034	115.6
6.044	113.28
6.054	106.18
6.064	105.78
6.274	127.59
6.284	130.52
6.294	130.13
6.304	128.72
6.314	126.67
6.324	123.78
6.334	121.39
6.344	114.79
6.634	135.65
6.644	129.5
6.654	129.81
6.664	122.97
6.674	122.29
6.684	121.91
6.694	120.88
6.704	119.37
6.824	92.5
6.834	93.01
6.844	93.41
6.854	90.5
6.864	90.82
6.874	91.68
6.884	90.89
6.894	90.12
6.904	90.56
6.914	89.9
6.924	91.91
6.934	92.54
6.944	93
6.954	93.47
6.964	93.16
6.974	91.78
6.984	91.79
6.994	90.01
7.004	89.74
7.014	89.79
7.024	89.81
7.034	89.73
7.044	90.21
7.054	90.1
7.064	89.38
7.074	89.85
7.084	89.96
7.094	88.73
7.104	88.07
7.114	83.99
7.124	83.32
7.134	82.88
7.144	82.43
7.154	82.86
7.164	83.48
7.174	83.46
7.184	83.37
7.194	83.7
7.204	82.06
7.214	83.49
7.224	83.68
7.234	84.12
7.244	83.12
7.254	82.91
7.264	85.98
7.274	86.09
7.364	100.49
7.374	100.88
7.384	100.58
7.394	99.63
7.404	99.27
7.414	98.63
7.424	96.19
7.434	92.69
7.444	91.98
7.454	89.59
7.464	88.84
7.474	89.94
7.484	94.16
7.494	94.46
7.504	90.18
7.514	88.5
7.524	89.95
7.534	90.6
7.544	89.49
7.554	88.49
7.564	88.65
7.574	88.49
7.584	88.16
7.594	88.15
7.604	90.78
7.614	91.46
7.624	88.09
7.634	88.61
7.644	88.56
7.654	89.96
7.914	176.6
7.924	154.86
7.934	155.53
7.944	154.62
7.954	153.13
7.964	151.44
7.974	138.36
7.984	138
7.994	155.16
8.004	154.25
8.014	154.07
8.024	154.23
8.034	153.9
8.044	153.74
8.054	153.57
8.064	154.29
8.074	154.59
8.084	154.41
8.094	153.7
8.734	121.66
8.744	115.35
8.754	114.26
8.764	113.52
8.774	111.64
8.784	109.63
8.794	106.89
8.804	105.71
8.814	104.85
8.824	103.04
8.834	102.83
8.844	102.9
8.854	101.39
8.864	100.25
8.874	100.89
8.884	101.24
8.894	100.69
8.904	101.52
8.914	101.97
8.924	102.18
8.934	101.84
8.944	100.6
8.954	99.04
8.964	97.05
8.974	95.65
8.984	95.56
8.994	95.08
9.004	92.52
9.014	93.35
9.024	93.92
9.034	95.53
9.044	96.2
9.054	97.54
9.064	96.11
9.074	93.02
9.084	90.53
9.094	90.67
9.104	89.87
9.274	102.54
9.284	104.22
9.294	104.07
9.304	99.96
9.314	108.38
9.324	104.04
9.334	103.84
