time	f0
0.032	73.88
0.042	73.02
0.052	73.37
0.062	76.9
0.072	75.88
0.082	69.79
0.092	69.29
0.102	71.26
0.112	76.9
0.122	73.39
0.132	65.9
0.142	71.15
0.152	80.27
0.162	80.46
0.172	80.01
0.262	80.75
0.272	81.14
0.282	80.74
0.432	75.61
0.442	73.89
0.452	72.51
0.462	71.45
0.502	66.19
0.512	74.08
0.522	82.22
0.532	82.32
0.582	77.53
0.592	76.67
0.602	73.74
0.612	73.96
0.622	74.28
0.632	74.09
0.642	74.26
0.652	71.88
0.662	74.38
0.672	74.5
0.682	78.99
0.692	81.14
0.702	79.93
0.712	74.37
0.722	74.44
0.732	73.42
0.742	69.55
0.752	71.25
0.762	72.23
0.772	75.58
0.782	76.63
0.792	71.69
0.802	73.31
0.812	72.66
0.822	70.37
0.832	69.8
0.842	67.92
0.852	65.48
0.862	64.35
0.872	66.72
0.882	67.46
0.922	69.98
0.932	64.89
0.942	62.71
0.952	67.67
0.962	69.35
1.122	55.17
1.132	54.38
1.142	52.67
1.152	56.77
1.162	56.41
1.172	51.98
1.222	54.56
1.232	55.89
1.242	53.41
1.272	257.85
1.282	249.54
1.292	246.24
1.302	245.36
1.312	246.44
1.322	240.95
1.332	236.4
1.342	244.86
1.352	248.02
1.372	52.69
1.382	52.42
1.392	52.19
1.402	52.4
1.412	54.91
1.422	54.18
1.432	53.15
1.442	54.98
1.482	276.33
1.492	260.51
1.502	252.86
1.512	248.93
1.522	243.87
1.532	239.92
1.542	238.71
1.552	238.11
1.562	236.98
1.572	235.49
1.582	234.87
1.592	234.64
1.602	233.5
1.612	231.81
1.622	230.15
1.632	228.04
1.642	228.21
1.662	58.12
1.672	57.8
1.682	56.79
1.692	54.88
1.702	54.13
1.712	53.13
1.722	52.32
1.732	68.78
1.742	68.01
1.752	67.07
1.762	66.23
1.772	66.16
1.782	66.44
1.792	64.83
1.802	61.51
1.812	59.94
1.822	64
1.832	63.56
1.842	63.26
1.852	63.09
1.862	62.78
1.872	62.35
1.882	61.98
1.892	61.52
1.902	55.35
1.912	55.01
1.922	54.92
1.932	55.24
1.942	55.41
1.952	55.43
1.962	55.36
1.972	52.96
1.982	52.83
1.992	52.46
2.022	193.26
2.032	198.41
2.042	202.79
2.052	206.87
2.062	210.13
2.072	212.98
2.082	217.18
2.092	220.08
2.102	222.41
2.112	224.25
2.122	217.65
2.132	216.54
2.352	55.2
2.362	56.05
2.372	56.04
2.382	54.03
2.392	53.43
2.402	53.52
2.412	52.97
2.422	51.86
2.432	51.95
2.442	52.79
2.452	52.84
2.462	52.16
2.472	52.38
2.482	57.08
2.492	56.98
2.692	68.88
2.702	69.26
2.712	69.13
2.722	68.16
2.782	60.65
2.792	60.23
2.802	58.45
2.812	56.41
2.842	55
2.852	55.04
2.862	59.82
2.872	61.55
2.912	64.52
2.922	65.29
2.932	65.49
2.982	63.64
2.992	63.52
3.122	227.2
3.132	228.51
3.142	229.24
3.152	229.69
3.162	227.56
3.172	226.86
3.182	230.76
3.192	228.93
3.202	226.44
3.212	229.94
3.222	238.32
3.232	240.62
3.242	235.48
3.252	232.7
3.262	231.93
3.272	232.18
3.282	232.5
3.292	232.65
3.302	232.1
3.312	230.6
3.322	229.1
3.332	227.71
3.342	227.01
3.352	226.08
3.362	223.72
3.372	222.41
3.382	222.16
3.392	221.56
3.402	220.64
3.412	219.69
3.422	219.06
3.432	218.68
3.442	221.2
3.452	222.89
3.462	221.16
3.472	219.29
3.482	218.03
3.492	216.99
3.502	215.07
3.512	213.88
3.522	213.67
3.532	212.8
3.542	210.91
3.552	209.55
3.562	211.25
3.572	211.52
3.582	211.63
3.592	212.25
3.602	209.53
3.612	206.93
3.622	205.74
3.632	204.98
3.642	204.4
3.652	203.99
3.662	203.39
3.672	203.29
3.682	203.53
3.692	203.45
3.702	203.12
3.712	202.38
3.722	200.86
3.732	199.63
3.742	198.08
3.752	196.01
3.762	195.16
3.772	194.78
3.782	194.34
3.792	193.95
3.802	194.41
3.812	194.41
3.822	193.3
3.832	192.26
3.842	192.08
3.852	191.89
3.862	191.19
3.872	190.27
3.882	189.48
3.892	188.6
3.902	188.41
3.912	191.47
3.922	195.11
3.932	198.62
3.942	197.71
3.962	62.36
3.972	63.84
3.982	64.12
3.992	64.09
4.002	64.76
4.072	54.86
4.082	52.88
4.102	52.27
4.112	54.58
4.122	54.89
4.132	53.36
4.142	54.09
4.152	58.59
4.162	58.6
4.172	58.81
4.182	60.05
4.192	60
4.202	56.14
4.212	56.2
4.222	53.81
4.232	53.83
4.242	53.43
4.252	53.26
4.262	54.17
4.272	54.63
4.302	51.82
4.312	52.75
4.332	52.39
4.342	52.41
4.452	53.64
4.462	53.24
4.472	51.8
4.482	52.15
4.492	52.42
4.632	54.96
4.642	55
5.082	52.75
5.092	58.24
5.102	62.04
5.112	62.51
5.202	55.37
5.212	52.88
5.242	226.08
5.252	225.08
5.262	219.89
5.272	213.94
5.282	211.1
5.292	208.38
5.302	206.05
5.312	204.65
5.322	203.23
5.332	202.33
5.342	202
5.352	201.65
5.362	201.21
5.372	200.74
5.382	199.89
5.392	198.98
5.402	198.65
5.412	198.52
5.422	198.21
5.432	198.77
5.442	200.58
5.452	200.47
5.462	198.5
5.472	196.99
5.482	196.58
5.492	197.17
5.502	216.47
5.512	209.71
5.522	205.27
5.532	204.26
5.542	204.01
5.552	203.82
5.562	203.69
5.572	203.88
5.582	204.42
5.592	205.32
5.602	206.95
5.612	207.96
5.622	206.77
5.632	205.38
5.642	203.66
5.652	202.43
5.662	202.17
5.672	202.3
5.682	202.46
5.692	202.59
5.702	202.89
5.712	203.07
5.722	203.31
5.732	203.71
5.742	203.34
5.752	202.47
5.762	202.28
5.772	203.14
5.782	204.66
5.792	208.03
5.802	209.15
5.812	209.2
5.822	209.98
5.832	210.5
5.842	210.47
5.852	211.18
5.862	213.02
5.872	214.35
5.882	212.43
5.892	210.51
5.902	209.52
5.912	208.74
5.922	208.18
5.932	208.12
5.942	208.97
5.952	210.16
5.962	212.03
5.972	212.83
5.982	211.94
5.992	212.05
6.002	212.46
6.012	212.65
6.022	212.77
6.032	212.36
6.042	211.2
6.052	210.08
6.062	209.81
6.072	209.03
6.082	208.42
6.092	210.85
6.102	216.36
6.112	216.84
6.122	215.24
6.132	215.83
6.142	213.16
6.152	211.38
6.162	213.08
6.172	268.94
6.182	274.91
6.192	268.24
6.202	262.43
6.212	261.56
6.222	263.72
6.232	262.42
6.292	315.13
6.302	314.7
6.312	336.15
6.322	334.03
6.382	360.93
6.392	361.34
6.402	360.65
6.412	364.44
6.432	369.93
6.442	364.32
6.452	362.1
6.462	362.65
6.472	365
6.482	362.47
6.492	356.65
6.502	349.05
6.512	352.45
6.522	360.57
6.552	367.29
6.562	367.12
6.572	370.51
6.622	312.46
6.632	313.56
6.642	313.06
6.652	311.08
6.662	318.92
6.762	226.99
6.772	216.95
6.782	214.64
6.792	213.54
6.802	212.66
6.812	211.57
6.822	209.96
6.832	208.81
6.842	207.64
6.852	206.11
6.862	205.12
6.872	204.14
6.882	202.91
6.892	201.97
6.902	201.24
6.912	199.17
6.922	195.76
6.932	194.49
6.942	192.53
6.952	189.9
6.962	188.63
6.972	187.72
6.982	184.87
6.992	183.08
7.002	184.31
7.012	184.87
7.022	184.89
7.032	185.15
7.042	184.21
7.052	182.46
7.062	185.16
7.072	219.58
7.082	224.07
7.092	190.73
7.102	187.99
7.112	191.23
7.122	190.03
7.132	186.56
7.142	184.69
7.152	186.5
7.162	194.78
7.812	371.77
7.822	371.62
7.832	259.09
7.842	241.91
7.852	232.81
7.862	227.14
7.872	223.38
7.882	219.65
7.892	216.86
7.902	214.83
7.912	213.82
7.922	214.38
7.932	213.74
7.942	213.78
7.952	214.78
7.962	215.31
7.972	209.93
7.982	205.25
7.992	202.84
8.002	200.89
8.012	198.86
8.022	196.28
8.032	194.73
8.042	194.44
8.052	193.66
8.062	191.3
8.072	189.47
8.082	191.02
8.092	192.5
8.102	192.86
8.112	192.88
8.172	100.5
8.182	99.93
8.192	98.18
8.202	97.58
8.762	246.71
8.772	253.67
8.782	250.74
8.792	245.23
8.802	244.67
8.812	244.01
8.822	242.35
8.832	243.83
8.872	252.24
8.882	251.53
8.892	253.23
8.902	254.05
8.912	250.79
8.922	248.49
8.932	249.01
8.942	250.09
8.952	249.39
8.962	248.52
8.972	248.4
8.982	248.34
8.992	247.79
9.002	246.6
9.012	244.63
9.022	241.14
9.032	235.99
9.042	232.28
9.052	232.42
9.062	233.44
9.072	235.15
9.082	235.61
9.092	234.45
9.102	230.65
9.112	224.82
9.122	220.14
9.132	214.81
9.142	206.81
9.152	204.38
9.162	205.3
9.172	207.2
9.182	206.06
9.192	204.16
9.202	206.5
9.212	212.68
9.222	211.59
9.232	209.99
9.242	209.71
9.252	218.21
9.262	223.44
9.272	211.89
9.282	205
9.292	201.32
9.302	197.7
9.312	195.2
9.322	196.09
9.332	195.34
9.342	193.74
9.352	192.7
9.362	192.31
9.372	192.06
9.382	190.94
9.392	189.22
9.402	189.3
9.412	188.99
9.422	187.8
9.432	187.01
9.442	186.58
9.452	186.12
9.462	186
9.472	185.86
9.482	185.65
9.492	185.7
9.502	185.52
9.512	184.64
9.522	183.21
9.532	182.15
9.542	181.68
9.552	181.47
9.562	90.56
9.572	90.19
9.582	89.77
9.592	89.19
9.602	87.7
9.612	87.34
9.622	87.55
9.632	89.34
9.642	90.6
9.652	92.9
9.662	92.82
9.672	93.53
9.682	94.39
9.692	94.26
9.702	94.28
9.712	95.4
9.722	96.09
9.732	95.58
9.742	95.12
12.272	239.98
12.282	235.14
12.292	231.36
12.302	228.41
12.312	226.74
12.322	225.13
12.332	219.91
12.342	214.24
12.352	214.67
12.362	214.86
12.372	211.63
12.382	209.84
12.392	208.53
12.402	207.15
12.412	205.67
12.422	204.37
12.432	203.3
12.442	201.95
12.452	200.7
12.462	200.54
12.472	201.32
12.482	202.19
12.492	202.65
12.502	202.87
12.512	203.48
12.522	204.13
12.532	204.14
12.542	203.78
12.552	203.32
12.562	203.07
12.572	202.47
12.582	202.01
12.592	202.13
12.602	203.36
12.612	205.37
12.622	205.76
12.632	204.51
12.642	203.98
12.722	226.81
12.732	221.03
12.742	216.15
12.752	211.54
12.762	208.65
12.772	208.51
12.782	208.37
12.792	206.5
12.802	203.73
12.812	201.51
12.822	201.32
12.832	206.25
12.962	210.21
12.972	206.95
12.982	205.79
12.992	205.63
13.002	206.22
13.012	206.63
13.022	206.81
13.032	207.39
13.042	207.97
13.052	208.79
13.062	210.42
13.072	211.74
13.082	216.36
13.092	219.64
13.102	217.85
13.112	215.63
13.122	216.04
13.132	218.67
13.142	219.86
13.152	221.44
13.162	225.83
13.172	232.67
13.182	233.98
13.192	233.85
13.202	232.85
13.212	227.89
13.222	221.26
13.232	214.35
13.242	211.15
13.292	206.11
13.302	206.67
13.312	207.62
13.322	208.75
13.332	207.84
13.342	204.28
13.502	65.84
13.512	68.71
13.522	70.55
13.562	67.33
13.572	67.15
13.582	66.46
13.612	64.29
13.622	63.53
13.632	61.95
13.722	57.74
13.732	58.73
13.742	58.86
13.772	59.14
13.782	63.41
13.792	62.03
13.802	58.72
13.832	51.82
13.842	57.52
13.852	62.42
13.882	57.43
13.892	58.95
13.902	60.8
13.912	59.99
13.922	55.21
13.942	51.7
13.952	55.24
13.962	60.31
13.972	59.6
13.982	58.01
13.992	54.04
14.022	63.7
14.032	60.6
14.042	55.34
14.052	51.92
14.132	64.59
14.142	61.14
14.152	58.84
14.162	58.36
14.172	54.8
14.182	54.98
14.242	246.18
14.252	238.11
14.262	232.57
14.272	228.62
14.282	225.27
14.292	219.75
14.302	216.71
14.312	214.69
14.322	213.92
14.332	214.25
14.342	215.22
14.352	215.73
14.362	215.25
14.372	215.14
14.382	215.29
14.392	214.81
14.402	213.02
14.412	210.89
14.422	209.22
14.432	207.2
14.442	205.83
14.452	205.58
14.462	205.74
14.472	206.2
14.482	205.87
14.492	204.3
14.502	202.48
14.512	200.01
14.522	65.74
14.532	65.9
14.542	65.77
14.552	65.2
14.562	65.21
14.572	65.75
14.582	65.77
14.592	65.37
14.602	64.95
14.612	64.96
14.622	65.38
14.632	65.08
14.642	63.62
14.652	63.06
14.662	64.12
14.672	65.4
14.682	65.65
14.692	64.26
14.702	64.15
14.712	65.77
14.722	65.72
14.822	72.34
14.832	71.61
14.842	70.66
14.852	69.97
14.862	68.59
14.872	72.64
14.882	72.57
14.892	71.03
14.902	68.57
14.912	63.88
14.922	69
14.932	69.13
14.942	68.21
14.952	68.13
14.962	70.91
14.972	70.71
14.982	69.78
14.992	68.2
15.002	68.35
15.092	71.44
15.102	67.77
15.112	63.91
15.122	66.29
15.132	70.3
15.142	70.15
15.152	74.56
15.162	74.58
15.172	73.87
15.182	68.94
15.192	67.53
15.202	67.73
15.342	74.16
15.352	73.69
15.362	65.26
15.372	63.46
15.612	65.06
15.622	65.2
15.632	65.42
15.672	65.78
15.682	65.74
15.692	74.11
15.702	74.37
15.712	72.45
15.722	69.07
15.732	67.11
15.742	64.04
15.752	63.94
