time	f0
0.305	99.71
0.315	103.73
0.325	105.25
0.335	106.78
0.345	107.16
0.355	106.99
0.365	106.99
0.375	107
0.385	106.81
0.395	106.52
0.405	106.57
0.415	106.29
0.425	105.98
0.435	104.87
0.445	104.59
0.455	104.7
0.465	104.15
0.475	103.49
0.485	102.59
0.495	102.39
0.505	101.97
0.515	100.46
0.525	100.91
0.535	100.75
0.545	100.6
0.555	100.35
0.565	99.5
0.575	98.04
0.585	98.23
0.595	98.39
0.605	98.43
0.615	98.26
0.625	97.75
0.635	97.43
0.645	96.89
0.655	95.72
0.665	95.7
0.675	96.02
0.685	95.46
0.695	95.21
0.705	95.36
0.715	95.15
0.725	95.23
0.735	96.28
0.745	96.06
0.755	96.17
0.765	96.16
0.775	95.34
0.785	95.17
0.795	96.13
0.805	96.5
0.815	95.36
0.825	94.99
0.835	96.21
0.845	94.66
0.855	95.78
0.865	97.44
0.925	119.61
0.935	113.12
0.945	113.49
0.955	114.05
0.965	114.37
0.975	114.7
0.985	113.82
0.995	114.06
1.005	115.33
1.015	115.7
1.025	116.5
1.035	118.86
1.045	119.41
1.055	119.4
1.065	118.38
1.075	117.56
1.085	117.4
1.095	117.43
1.105	117.48
1.115	117.23
1.125	117.07
1.135	116.81
1.145	117.21
1.155	116.91
1.165	117.11
1.175	117.48
1.185	117.34
1.195	116.93
1.205	117.1
1.725	124.36
1.735	125.37
1.745	126.81
1.755	129.61
1.765	130.34
1.775	130.42
1.785	134.07
1.795	132.37
1.805	132.08
1.815	131.97
1.825	132.6
1.835	131.76
1.845	133.44
3.865	130.19
3.875	127.92
3.885	124.34
3.895	111.45
3.905	113.21
3.915	122.4
3.925	124.2
3.975	103.37
3.985	103.76
3.995	104.17
4.005	104.54
4.015	104.38
4.025	103.98
4.035	101.89
4.045	101.05
4.055	101.19
4.065	101.16
4.075	101.23
4.085	100.8
4.095	100.73
4.105	100.61
4.115	100.75
4.125	102.6
4.135	104.56
4.145	104.94
4.155	103.64
4.165	101.34
4.175	101.53
4.185	101.7
4.195	101.13
4.205	100.7
4.215	103.37
4.225	102.8
4.235	103.88
4.245	104.21
4.255	105.31
4.265	106.49
4.275	106.53
4.285	106.45
4.295	101.87
4.305	102.11
4.315	102.55
4.325	103.76
4.335	102.63
4.345	102.4
4.355	102.41
4.365	102.76
4.375	103.88
5.445	124.45
5.455	126.27
5.465	127.75
5.475	129.36
5.485	132.67
5.495	134.24
5.505	134.16
5.515	133.98
5.525	132.34
5.535	130.52
5.545	129.18
5.555	128.18
5.565	127.12
5.575	130.06
5.585	130.34
5.595	130.57
5.605	131.65
5.615	132.72
5.625	131.92
5.635	131.43
5.645	131.64
5.655	131.43
5.665	117.44
5.675	117.39
5.685	116.16
5.695	112.1
5.705	109.12
5.715	108.25
5.725	105.49
5.735	104.66
5.745	104.85
5.755	104.94
5.765	104.9
5.775	104.46
5.785	103.28
5.795	102.06
5.805	100.58
5.815	99.32
5.825	98.91
5.835	98.57
5.845	97.62
5.855	98.09
5.865	97.55
5.875	96.92
5.885	95.18
5.895	93.54
5.905	93.19
5.915	93.17
5.925	93.47
5.935	93.56
5.945	93.15
5.955	92.8
5.965	92.34
5.975	90.1
5.985	89.54
5.995	89.24
6.005	87.5
6.015	86.55
6.025	86.2
6.035	97.31
6.045	97.35
6.055	96.89
6.065	96.18
6.075	83.75
6.085	87.65
6.095	90.34
6.105	89.95
6.115	90.67
6.125	89.21
6.135	87.53
6.145	93.28
6.155	93.43
6.165	88.26
8.065	128.39
8.075	135.11
8.085	137.09
8.285	95.97
8.295	95.91
8.305	85.96
8.315	91.62
8.325	91.7
8.335	92.52
8.345	92.44
8.355	92.46
8.365	93.04
8.375	92.97
8.385	92.84
8.395	92.88
8.405	91.31
8.415	91.01
8.425	94.57
8.435	96.2
8.445	95.73
8.455	97.22
8.465	97.33
8.475	96.66
8.485	97.04
8.495	97.6
8.505	97.71
8.515	99.98
8.525	99.21
8.535	97.07
8.545	95.29
8.555	100
8.565	97.35
8.575	99.76
8.585	101.74
8.595	98.33
8.605	98.88
9.605	92.81
9.615	94.61
9.625	98.78
9.635	99.58
9.645	99.86
9.655	99.65
9.665	99.33
9.675	98.29
9.685	97.47
9.695	96.74
9.705	97.32
9.715	97.88
9.725	98.59
9.735	99.29
9.745	99.47
9.755	98.98
9.765	98.35
9.775	98.16
9.785	98.82
9.795	99.68
9.805	100.12
9.815	100.15
9.825	100.08
9.835	100.25
9.845	99.94
9.855	99.13
9.865	98.45
9.875	97.89
9.885	97.84
9.895	97.13
9.905	96.42
9.915	98.96
9.925	97.26
9.935	100.63
9.945	103.45
9.955	105.58
9.965	108.08
9.975	110.27
9.985	111.58
9.995	115.23
10.005	121.65
10.015	126.46
10.025	129.39
10.035	141.37
10.045	153.57
10.055	159.89
10.065	159.07
10.075	149.15
10.085	147.33
10.095	146.8
10.105	165.29
10.115	148.37
10.125	151.4
10.135	161.5
10.145	162.41
10.155	154
10.165	145.54
10.175	146.22
10.845	137.33
10.855	138.78
11.305	113.82
11.315	115.21
11.325	117.08
11.335	117.96
11.345	119
11.355	119.65
11.365	120.02
11.375	120.23
11.385	120.44
11.395	118.55
11.405	119.46
11.415	119.37
11.425	118.64
11.435	118.79
11.445	119
11.455	118.82
11.465	119.25
11.475	119.38
11.485	119.32
11.495	119.93
11.505	119.4
11.515	119.02
11.525	119.02
11.535	119.77
11.545	118.33
11.555	118.41
11.565	118.85
11.575	118.75
11.585	121.19
11.595	123.33
11.605	121.53
11.615	120.2
11.625	118.61
11.685	111.74
11.695	111.41
11.705	110.98
11.715	110.55
11.725	110.09
11.735	110.48
11.745	112.75
11.755	114.61
11.765	115.17
11.775	115.16
11.785	113.59
11.795	111.43
11.805	111.17
11.815	111.69
11.825	111.66
11.835	111.5
11.845	111.27
11.855	111.33
11.865	111.49
11.875	111.76
12.785	72.46
12.885	104
12.895	98.79
12.905	99.97
12.915	103.01
12.925	102.7
12.935	101.69
12.945	99.95
12.985	116.71
12.995	120.58
13.005	121.39
13.015	121.67
13.025	122.54
13.035	123.59
13.045	123.3
13.055	122.47
13.065	122.69
13.075	124
13.085	123.05
13.095	122.31
13.105	123.05
13.115	122.23
13.145	121.27
13.155	125.44
13.165	125.22
15.795	124.12
15.805	120.62
15.815	108.77
15.825	109.14
15.835	110.13
15.845	109.35
15.855	107.35
15.865	104.72
15.875	102.1
15.885	98.88
15.895	98.26
15.905	97.9
15.915	97.92
15.925	97.24
15.935	98.32
15.945	98.8
15.955	98.22
15.965	96.69
15.975	95.89
15.985	94.09
15.995	93.52
16.005	94.94
16.015	95.3
16.025	94.88
16.035	95.44
16.045	96.65
16.055	96.98
16.065	96.48
16.075	93.61
16.085	98.22
16.095	98.4
16.105	91.88
16.115	97.42
16.125	97.46
16.135	95.78
16.145	96.75
16.155	96.91
16.165	95.84
16.175	95.77
16.185	93.69
16.195	90.41
16.265	121.26
16.275	121.85
16.285	117.47
16.295	114.05
16.305	109.67
16.315	105.24
16.325	100.42
16.335	97.42
16.345	97.2
16.355	94.85
16.365	94.56
16.375	96.97
16.385	94.7
16.395	94.45
16.405	92.78
16.415	91.31
16.425	94.62
16.435	96.78
16.445	96.91
16.455	97.04
16.465	94.29
16.475	92.81
16.485	94.16
16.495	95.25
16.505	97.58
16.515	101.14
16.525	95.52
16.535	97.91
16.545	94.62
16.555	92.92
16.565	93.49
16.575	93.98
16.585	93.41
16.595	93.11
16.605	93.19
16.615	93.23
16.625	92.97
16.635	92.45
16.645	92.98
16.655	91.29
16.665	94.08
16.675	97.85
16.685	95.61
16.695	92.61
16.705	93.16
16.715	93.16
16.725	94.21
17.115	102.98
17.125	100.2
17.135	97.41
17.145	97.24
17.155	96.94
17.165	96.8
17.175	97.05
17.185	95.83
17.195	95.17
17.205	92.94
17.215	91.35
17.225	91.17
17.235	91.34
17.245	90.14
17.255	89.44
17.265	91.94
17.275	92.51
17.285	90.01
17.295	90.25
17.305	92.04
17.315	91.26
17.325	91.33
17.335	91.13
17.345	90.85
17.355	90.38
17.365	89.56
17.375	90.08
17.385	90.16
17.395	89.55
17.405	90.41
17.415	91.3
17.425	91.7
17.435	92.02
17.445	92.09
17.455	96.86
21.545	119.41
21.555	118.69
21.565	104.62
21.575	104.18
21.585	106.7
21.595	107.42
21.605	106.21
21.615	104.77
21.625	101.2
21.635	105.53
21.675	148.71
21.685	151.13
21.695	155.62
21.705	162.2
21.715	165.91
21.725	166.58
21.735	167.57
21.745	166.26
21.755	164.77
21.765	165.3
21.775	165.62
21.785	164.13
21.795	165.49
21.805	165.81
21.815	164.7
21.825	164.29
21.835	164.17
21.845	163.6
21.855	162.39
21.865	161.33
21.875	161.17
21.885	161.96
21.895	162.56
21.905	162.56
21.965	157.17
21.975	153.37
21.985	144.96
21.995	131.06
22.155	154.43
22.165	149.41
22.175	143.5
22.185	136.11
22.335	89.38
22.345	89.6
22.375	98.9
22.385	100.85
22.395	102.47
22.405	104.62
22.415	107.97
22.475	110.28
22.485	110.41
22.495	110.5
22.505	107.89
22.515	105.76
22.525	104.58
22.535	99.74
22.545	98.07
22.555	98
22.565	95.83
22.575	94.19
22.585	92.47
22.595	93.81
22.605	93.1
22.615	90.06
22.625	89.93
22.635	90.9
22.645	90.56
22.655	90.77
22.665	92.44
22.675	89.64
22.685	92.08
22.695	90.68
22.705	90.65
22.715	85.58
22.725	86.61
22.735	90.09
22.745	91.64
23.115	112.33
23.125	111.63
23.135	110.13
23.145	111.29
23.155	111.94
23.165	111.95
23.175	110.91
23.185	109.56
23.195	110.61
23.205	110.84
23.305	99.43
23.315	96.34
23.325	95.13
23.335	93.76
23.345	92.47
23.355	91.95
23.365	94.63
23.375	98.26
23.385	100.95
23.395	97.09
23.405	91.76
23.415	94.02
23.425	95.46
23.435	97.38
23.445	104.72
23.455	104.14
23.465	103.81
23.475	100.95
23.485	95.51
23.495	94.32
23.505	96.4
23.515	93.25
23.525	92.87
23.535	92.83
23.545	91.81
23.555	89.16
23.565	87.68
23.575	90.74
23.585	90.5
23.595	89.77
23.605	91.74
23.615	94.67
23.625	91.78
23.635	90.13
23.645	94.06
23.655	90.51
23.905	71.08
23.915	82.63
23.945	77.33
23.955	83.07
23.965	77.21
23.975	77.77
23.985	81.07
24.145	146.97
24.155	146.19
24.165	128.48
24.175	125.93
24.185	134.9
24.195	136.87
24.205	133.86
24.215	133.08
26.585	90.3
26.595	90.17
26.605	90.53
26.615	87.4
26.625	87.82
26.635	88.62
26.645	90.48
26.655	90.68
26.665	91.07
26.895	85.37
26.905	86.18
26.915	85.67
28.345	127.27
28.355	117.75
28.365	116.22
28.375	119.19
28.385	124.97
28.395	126.85
28.405	130.12
28.415	134.83
28.425	134.38
28.435	131.72
28.445	133.75
28.455	130.55
28.465	126.92
28.475	126.95
28.485	122.49
28.495	129.85
28.505	132.08
28.515	132.66
28.525	132.23
28.535	134.04
28.545	109.82
28.555	92.93
28.565	93.86
28.575	92.66
28.585	91.89
28.595	92.04
28.605	91.93
28.615	93.32
28.625	92.98
28.635	92.07
28.645	91.34
28.655	90.89
28.665	90.82
28.675	90.91
28.685	91
28.695	91.18
28.705	90.75
28.715	88.63
28.735	99.49
28.745	99.68
28.755	99.68
28.765	98.54
28.775	98.46
28.785	95.92
28.795	99.67
28.805	100.6
28.815	102.47
28.825	102.87
28.835	102.91
28.845	102.74
28.855	101.77
28.865	100.57
28.875	96.96
28.885	94.78
28.895	93.25
28.905	93.73
28.915	93.69
28.925	93.56
28.935	94.68
28.945	92.92
28.955	91.91
28.965	91.41
28.975	90.69
28.985	89.57
28.995	87.44
29.005	86.76
29.015	87.85
29.025	86.69
29.035	87.13
29.045	87.45
29.055	89.97
29.065	89.23
29.075	88.16
29.085	87.94
29.095	87.76
29.105	89.58
29.115	90.1
29.125	98.37
29.135	105.6
29.145	105.1
29.155	106.62
29.165	107.07
29.175	106.59
29.185	103.3
29.195	102.65
29.205	103.12
29.215	106.84
29.225	104.29
29.235	108.11
29.245	108.61
29.255	107.41
29.265	106.96
29.275	106.76
29.285	105.43
29.295	103.53
29.305	104.08
29.315	104.97
29.325	107.27
29.335	111.44
29.345	116.43
29.355	121.04
29.365	124.55
29.375	127.22
29.385	131.53
29.395	133.87
29.405	133.08
29.415	133.51
29.425	132.12
29.435	128.43
29.445	124.94
29.455	121.63
29.465	125.13
29.475	126.64
29.485	121.99
29.495	124.55
29.505	124.45
29.515	124.26
30.715	98.59
30.725	100.27
30.735	97.39
30.745	97.06
30.755	97.23
30.765	97.02
30.775	96
30.785	96.09
30.795	96.56
30.805	96.36
30.815	95.77
30.825	95.41
30.835	96.06
30.845	96.28
30.855	95.82
30.865	94.93
30.875	92.86
30.885	91.89
30.895	91.16
30.905	90.79
30.915	92.5
30.955	89.69
30.965	94.19
30.975	95.09
30.985	95.91
30.995	106.21
31.005	106.75
31.015	93.15
31.025	93.53
31.035	93.29
31.045	93.06
31.055	93.12
31.065	93.04
31.075	93.14
31.085	93.18
31.095	93.01
31.105	93.23
31.115	92.95
31.125	93.42
31.135	93.55
31.145	93.08
31.155	93.49
31.165	93.8
31.175	93.77
31.185	93.08
31.195	93.33
31.205	94.3
31.235	98.48
31.245	100.49
31.255	101.43
31.265	101.79
31.275	101.77
31.285	100.33
31.295	100.61
31.305	101.35
31.315	99.8
31.325	99.98
31.335	98.83
31.345	103.38
31.355	104.95
31.365	105.99
31.375	106.41
31.385	107.79
31.395	109.63
31.405	110.27
31.415	110.15
31.425	108.95
31.435	106.97
31.445	107.18
31.455	109.97
31.465	109.2
31.475	107.42
31.485	108.93
31.495	109.36
31.505	109.85
31.515	110.06
31.525	108.45
31.535	107.46
31.545	108.74
31.555	108.58
31.565	109.72
31.575	97.64
31.585	99.13
31.595	102.35
31.605	103.09
31.615	104.41
31.625	104.78
31.635	103.77
31.645	108.25
31.655	108.92
31.675	106.99
31.685	105.84
32.115	77.55
32.125	103.44
32.135	92.72
32.145	93.1
32.155	97.34
32.165	94.36
32.175	92.6
32.185	92.49
32.195	94
32.205	94.51
32.215	93.45
32.225	91.65
32.235	90.97
32.245	90.96
32.255	88.93
32.265	90.08
32.275	89.95
32.285	88.26
32.295	91.95
32.305	91.62
32.315	90.82
32.325	90.5
32.335	93.11
32.345	92.86
32.355	93.01
32.365	92.99
32.375	92.74
32.385	93.67
32.395	96.05
32.405	95.72
32.415	95.95
32.425	95.66
32.435	96.28
32.445	96.63
32.455	96
32.465	95.73
32.475	96.7
32.485	96.85
32.495	96.56
32.505	95.6
32.515	95.11
32.525	95.83
32.535	96.38
32.545	96.29
32.555	98.28
32.565	99.42
32.575	96.37
