time	f0
0.37	266.74
0.38	252.15
0.39	235.67
0.4	225.97
0.41	219.26
0.42	221.27
0.43	216.61
0.44	215.05
0.45	216.6
0.46	213.18
0.47	214.62
0.48	215.22
0.49	216.14
0.5	219.57
0.51	217.57
0.52	219.12
0.53	220.9
0.54	219.4
0.55	219.9
0.56	221.72
0.57	218.33
0.58	217.12
0.59	222.1
0.6	222.48
0.61	220.91
0.62	221.35
0.63	223.89
0.64	223.54
0.65	224.9
0.66	223.56
0.67	220.97
0.68	223.82
0.69	222.98
0.7	223.11
0.71	229
0.72	234.38
0.73	242.54
0.74	249.9
0.75	245.02
0.76	243.29
0.77	242.87
0.78	251.17
0.79	236.33
0.8	233.16
0.81	225.63
0.82	217.95
0.83	219.48
0.84	217.28
0.85	227.68
0.86	224.76
0.87	229.3
0.92	251.05
0.93	266.79
0.94	263.11
0.95	262.4
0.96	252.99
0.97	250.51
0.98	251.32
0.99	250.45
1	251.3
1.01	252.16
1.02	251.75
1.03	254.21
1.04	254.15
1.05	255.79
1.06	255.1
1.07	256.01
1.08	254
1.09	252.98
1.1	255.81
1.11	251.26
1.12	255.41
1.13	252.53
1.14	255.32
1.15	253.48
1.16	255.36
1.17	255.77
1.18	254.77
1.19	255.53
1.2	256.66
1.21	254.52
1.22	255.13
1.27	261.73
1.28	221.43
1.29	226.73
1.3	234.04
1.31	239.46
1.32	242.77
1.33	242.02
1.34	237.64
1.35	235.06
1.36	235.94
1.37	237.03
1.38	235.7
1.39	237.08
1.4	234.33
1.41	236.47
1.42	234.52
1.43	237.67
1.44	236.12
1.45	233.34
1.46	235.46
1.47	232.45
1.48	233.82
1.49	232.71
1.5	231.44
1.51	231.42
1.52	237.34
1.53	235.05
1.54	232.68
1.55	239.55
1.56	237.45
1.57	236.63
1.58	232.46
1.59	237.41
1.6	239.18
1.61	236.87
1.62	240.52
1.63	230.71
1.64	236.36
1.65	233.74
1.66	233.05
1.67	249.26
1.68	250.26
1.69	246.74
1.7	251.47
1.71	237.78
1.72	229.54
1.73	227.82
1.74	226.01
1.75	227.18
1.76	223.66
1.77	221.53
1.78	220.66
1.79	218.37
1.8	217.89
1.81	215.12
1.82	215.65
1.83	217.99
1.84	217.09
1.85	222.17
1.86	230.15
1.87	230.67
1.88	218.84
1.89	228.85
1.9	224.91
1.91	224.69
1.92	236.79
1.93	237.29
1.94	228.28
1.95	214.48
1.96	221.94
1.97	226.1
1.98	211.73
1.99	225.96
2	253.29
2.01	231.33
2.02	226.58
2.03	219.44
2.04	218.46
2.05	229.56
2.06	265.18
2.07	228.95
2.08	231.33
2.09	231.38
2.1	231.88
2.11	233.14
2.12	235.08
2.13	234.92
2.14	235.13
2.15	234.42
2.16	235.51
2.17	236.35
2.18	236.95
2.19	235.9
2.2	241.19
2.21	247.54
2.22	244.93
2.23	250.06
2.24	241.31
2.25	238.53
2.26	237.94
2.27	234.98
2.28	240.11
2.29	240.03
2.3	240.31
2.31	241.04
2.32	241.35
2.33	243.71
2.34	235.9
2.35	235.09
2.36	234.57
2.37	237
2.38	257.89
2.39	238.5
2.4	228.7
2.41	227.1
2.42	228.73
2.43	228.99
2.44	227.73
2.45	229.55
2.46	242.36
2.47	245.47
2.48	233.41
2.49	230.43
2.5	233.63
2.51	228.51
2.52	230.62
2.53	228.53
2.54	232.7
2.55	235.38
2.56	259.91
2.57	241.01
2.58	237.26
2.59	225.11
2.6	226.33
2.61	229.59
2.62	225.02
2.63	223.96
2.64	221.97
2.65	226.88
2.66	224.72
2.67	223.64
2.68	225.54
2.69	224.77
2.7	224.92
2.71	224.83
2.72	233.77
2.73	226.84
2.74	227.17
2.75	229.05
2.76	243.03
2.77	245.62
2.78	241.56
2.79	232.49
2.8	234.83
2.81	233.16
2.82	237.22
2.83	232.04
2.84	230.66
2.85	221.42
2.86	218.15
2.87	216.98
2.88	223.31
2.89	228.84
2.9	226.07
2.91	227.93
2.92	222.28
2.93	220.71
2.94	219.77
2.95	220.15
2.96	222.65
2.97	218.33
2.98	217.31
2.99	216.49
3	217.8
3.01	217.33
3.02	214.49
3.03	214.34
3.04	216.23
3.05	213.67
3.06	212.81
3.07	208.77
3.08	215.62
3.09	212.65
3.1	214.5
3.11	212.97
3.12	216.43
3.13	214.49
3.14	215.76
3.15	215.85
3.16	221.55
3.17	240.87
3.18	234.59
3.19	228.56
3.2	216.27
3.21	213.43
3.22	217.29
3.23	219.04
3.24	221.79
3.25	205.36
3.26	226.06
3.27	233.61
3.28	231.01
3.29	232.2
3.3	228.03
3.41	272.3
3.42	220.8
3.43	223.39
3.44	236.58
3.45	232.96
3.46	232.33
3.47	230.42
3.48	230.04
3.49	230.09
3.5	229.27
3.51	230.41
3.52	232.9
3.53	230.11
3.54	239.34
3.55	237.96
3.56	244.19
3.57	242.64
3.58	264.77
3.61	222.99
3.62	223.46
3.63	223.86
3.64	221.16
3.65	224.56
3.66	239.2
3.67	259.12
3.68	236.93
3.69	224.2
3.7	221.34
3.71	218.88
3.72	216.81
3.73	217.69
3.74	230.82
3.75	227.74
3.76	233.24
3.77	228.05
3.78	223.2
3.79	225.14
3.8	225.22
3.81	227.71
3.82	213.71
3.83	224.04
3.84	221.21
3.85	225.11
3.86	227.62
3.87	228.83
3.89	231.31
3.9	237.22
3.91	224.67
3.92	231.61
3.95	231.74
3.96	230.25
4.73	218.97
4.74	217.8
4.75	219.41
4.76	219.53
4.77	219.36
4.78	219.45
4.79	218
4.8	219.32
4.81	218.33
4.82	218.59
4.83	212.45
4.84	218.87
4.85	219.11
4.86	220.53
4.87	219.06
4.88	220.94
4.89	218.96
4.9	218.91
4.91	221.52
4.92	219.7
4.93	217.96
4.94	223.22
4.95	220.42
4.96	219.26
4.97	221.3
4.98	218.79
4.99	222.2
5	222.2
5.01	233.76
5.02	235.18
5.03	215.39
5.04	218.27
5.05	221.21
5.12	235.81
5.13	249.38
5.14	242.98
5.15	222.89
5.16	227.1
5.17	227.18
5.18	209.82
5.19	217.19
5.2	215.27
5.21	214.9
5.22	212.99
5.23	212.59
5.24	211.39
5.25	212.15
5.26	209.64
5.27	210.1
5.28	211.32
5.29	211.73
5.3	208.65
5.31	213.24
5.32	214.82
5.33	213.81
5.34	214.39
5.35	218.49
5.36	218.85
5.37	218.19
5.38	219.3
5.39	219.39
5.4	220.26
5.41	219.95
5.42	218.51
5.43	218.91
5.44	218.59
5.45	220.13
5.46	218.73
5.47	218.91
5.48	220.34
5.49	221.19
5.5	222.16
5.51	221.85
5.52	216.4
5.53	219.23
5.54	219.92
5.55	219.83
5.56	217.76
5.57	217.69
5.58	213.75
5.59	213.58
5.6	225.18
5.61	219.18
5.62	215.91
5.63	211.68
5.64	226.73
5.65	236.15
5.66	242.97
5.67	224.26
5.68	220.98
5.69	229.09
5.7	221.62
5.71	216.36
5.72	212.94
5.73	209.98
5.74	205.97
5.75	214.52
5.76	217.94
5.77	215.38
5.78	231.06
5.79	226.97
5.8	223.69
5.81	223.44
5.82	227.42
5.83	220.32
5.84	224.64
5.85	223.52
5.86	215.88
5.87	207.25
5.88	223.1
5.89	232.65
5.9	231.06
5.91	238.83
5.92	222.03
5.93	219.86
5.94	217.13
5.96	227.99
5.97	229.73
6.07	221.5
6.08	224
6.23	256.4
6.24	262.75
6.25	247.47
6.26	266
6.31	220.49
6.32	219.75
6.33	219.64
6.34	218.64
6.35	218.1
6.36	218.05
6.37	213.47
6.38	217.7
6.39	227.2
6.4	219.77
6.41	221.76
6.42	221.9
6.43	220.15
6.44	217.25
6.45	219.21
6.46	218
6.47	239.94
6.48	250.14
6.49	231.98
6.5	222.57
6.51	223.55
6.52	224.13
6.53	220.72
6.54	220.37
6.55	220.8
6.56	217.88
6.57	215.36
6.58	214.58
6.59	214.06
6.6	216.39
6.61	214
6.62	209.24
6.63	200.99
6.64	208.42
6.65	210.75
6.66	217.76
6.67	218.57
6.68	212.65
6.69	213.89
6.7	214.65
6.71	220.09
6.72	221.45
6.73	217.43
6.74	214.44
6.75	217.47
6.76	211.13
6.77	222.87
6.78	220.81
6.79	213.53
6.8	218.02
6.81	220.67
6.82	218.96
6.83	225.52
6.84	221.84
6.85	214.99
6.86	224.63
6.87	224.22
6.88	214.1
6.89	217.87
6.9	209.47
6.91	214.14
6.92	213.73
6.93	214.7
6.97	213.2
6.98	212.62
6.99	218.26
7	213.82
7.01	213.56
7.02	214.1
8.17	231.99
8.18	232.63
8.19	212.98
8.2	211.49
8.21	209.61
8.22	210.37
8.23	210.78
8.24	210.3
8.25	214.55
8.26	208.09
8.27	209.91
8.28	209.09
8.29	212.41
8.3	211.4
8.31	211.04
8.32	218.58
8.33	209.28
8.34	214.03
8.35	214.03
8.36	215.2
8.37	228.05
8.43	211.94
8.46	213.14
8.47	213.91
9.78	257.33
9.79	256.22
9.8	239.94
9.81	225.65
9.82	229.07
9.83	230.12
9.84	219
9.85	216.36
9.86	215.67
9.87	214.2
9.88	213.45
9.89	211.8
9.9	210.59
9.91	210.6
9.92	207.3
9.93	203.61
9.94	211.9
9.95	211.25
9.96	210.67
9.97	208.6
9.98	208.71
9.99	205.77
10	206.78
10.01	203.37
10.02	202.78
10.03	203.08
10.04	202.32
10.05	203.76
10.06	205.64
10.07	204.61
10.08	204.25
10.09	204.4
10.1	216.43
10.11	226.39
10.12	202.16
10.13	205.73
10.14	201.67
10.15	203.2
10.16	198.66
10.17	205.51
10.18	200.43
10.19	207.04
10.2	213.09
10.21	197.26
10.22	196.78
10.23	210.24
10.24	205.62
10.25	205.35
10.26	206.4
10.27	204.05
10.28	196.51
10.29	198.7
10.3	212.15
10.31	205.48
10.32	216.01
10.33	213.95
10.34	274.58
10.35	213.39
10.36	203.32
10.37	205.17
10.38	206.26
10.39	202.83
10.4	206.63
10.41	211.84
10.42	205.53
10.43	207.63
10.44	209.82
10.45	204.94
10.46	213.59
10.47	204.16
10.48	214.1
10.7	242.25
10.71	220.83
10.72	211.54
10.73	211.46
10.74	209.31
10.75	208.2
10.76	205.18
10.77	204.05
10.78	217.45
10.79	213.23
10.8	213.81
10.81	207.77
10.82	215.53
10.83	220.02
10.84	213.3
10.85	210.23
10.92	210.5
10.93	212.18
10.94	211.53
11	208.07
11.01	206.96
11.02	194.06
11.03	198.58
11.04	207.37
11.05	195.25
11.18	229.86
11.19	231.13
11.2	221.85
11.21	214.49
11.22	214.07
11.23	210.37
11.24	209.69
11.25	208.58
11.26	217.01
11.27	219.17
11.28	219.43
11.29	217.47
11.3	215.95
11.31	213.38
11.32	212.65
11.33	211.33
11.34	217.08
11.35	213.34
11.36	213.98
11.37	219.86
11.38	221.56
11.39	221.38
11.44	210.55
11.45	220.8
11.46	230.21
11.47	220.33
11.48	209.37
11.49	210
11.5	206.7
11.51	209.08
11.52	222.73
12.19	249.46
12.2	247.52
12.21	216.59
12.22	203.53
12.23	211.27
12.24	213.72
12.25	207.71
12.26	210.16
12.27	205.97
12.28	210.57
12.29	211.72
12.3	210.38
12.31	223.63
12.32	222.82
12.33	213.51
12.34	212.33
12.35	208.37
12.36	211.88
12.37	212.55
12.38	210.42
12.39	201.16
12.4	233.12
12.41	254.25
12.42	229.71
12.43	214
12.44	213.39
12.45	211.55
12.46	207.19
12.47	209.45
12.48	205.03
12.49	208.1
12.5	204.6
12.51	203.83
12.52	205.91
12.53	206.61
12.54	206.86
12.55	207.06
12.56	204.78
12.57	201.72
12.58	202.07
12.59	202.36
12.6	202.8
12.61	205.27
12.62	201.5
12.63	201.06
12.64	205.8
12.65	203.9
12.66	210.8
12.67	202.17
12.68	205.19
12.69	204.56
12.7	201.34
12.71	204.15
12.76	215.04
12.77	240.09
12.78	222.06
12.79	209.54
12.8	207.58
12.81	203.56
12.82	209.4
12.83	200.93
12.84	210.01
12.85	203.56
12.86	208.74
12.87	205.4
12.88	209.04
12.89	201.23
12.9	208.28
12.91	207.86
12.92	206.21
12.93	212.66
12.94	212.12
12.95	210.39
12.96	207.94
12.97	218.11
12.98	218.4
12.99	216
13	221.71
13.02	221.36
13.03	211.47
13.04	215.2
13.05	211.1
13.06	214.3
13.07	218.19
13.08	221.17
13.09	218.08
13.1	215.08
13.11	217.2
13.12	216.27
13.13	212.21
13.14	207.59
13.15	206.37
13.16	203.32
13.17	203.9
13.18	210.35
13.19	210.27
13.2	211.66
13.21	211.64
13.22	213.86
13.23	212.58
13.24	213.19
13.29	219.14
13.3	218.49
13.41	233.2
13.42	249.42
13.43	242.21
13.44	233.63
13.45	209.88
13.46	212.1
13.47	211.96
13.48	212.37
13.49	210.58
13.5	207.61
13.51	212.17
13.52	224.82
13.53	224.84
13.54	230.07
13.55	220.77
13.56	212.33
13.57	212.28
13.58	213.36
13.59	209.02
13.6	211.43
13.61	212.51
13.62	216.04
13.63	226.65
13.64	227.02
13.65	219.29
13.7	226.54
13.71	226.52
13.72	221.31
13.73	215.13
13.74	214.08
13.75	218.5
13.76	218.61
13.77	215.65
13.78	263.99
13.79	254.17
13.8	217.57
13.81	211.99
13.82	208.97
13.83	202.1
13.84	211.68
13.85	202.3
13.86	207.53
13.87	206.91
13.88	214.61
13.89	210.01
13.9	216.25
13.91	214.24
13.92	193.52
13.93	216.25
13.94	220.93
13.95	251.46
13.96	221.4
13.97	217.36
13.98	217.13
13.99	216.74
14	218.51
14.01	216.89
14.02	227.8
14.03	229.93
14.04	231.98
14.05	234.21
14.06	236.01
14.07	233.61
14.08	227.88
14.11	214.24
14.12	226.48
14.13	232.75
14.14	243.65
14.15	235.85
14.16	235.64
14.17	241.62
14.18	254.52
14.19	233.89
14.2	237.7
14.21	260.5
14.22	224.65
14.23	227.63
14.26	220.1
14.27	205.46
14.35	228.45
14.36	226.57
14.37	229.12
14.42	245.24
14.43	266.02
14.44	231.71
14.45	216.84
14.46	216.22
14.47	213.24
14.48	212.51
14.49	214.76
14.5	215.11
14.51	220.24
14.52	223.87
14.53	221.62
14.54	216.06
14.55	218.83
14.56	215.29
14.57	221.9
14.58	216.96
14.59	215.18
14.6	217.05
14.61	217.11
14.62	219.75
14.63	220.34
14.64	219.38
14.65	223.14
14.66	212.81
14.67	217.98
14.68	226.51
14.69	220.89
14.7	216.13
14.71	218.72
14.72	207.97
14.73	207.93
