time	f0
0.964	102.49
0.974	101.65
0.984	103.94
0.994	109.71
1.004	107.57
1.014	102.99
1.024	100.74
1.034	100.61
1.044	84.23
1.164	123.27
1.174	123.85
1.184	124.73
1.194	122.69
1.204	121.86
1.214	114.11
1.224	111.99
1.234	110.87
1.244	111.53
1.254	110.25
1.264	110.19
1.274	109.98
1.284	107.39
1.294	106.78
1.304	104.95
1.314	103.5
1.324	102.76
1.334	103.36
1.344	103.29
1.354	103.22
1.364	103.95
1.374	104.74
1.384	105.49
1.394	107.43
1.404	107.54
1.414	107.41
1.424	107.65
1.434	107.43
1.444	105.2
1.454	103.29
1.464	101.12
1.474	100.56
1.484	100.96
1.494	101.58
1.504	103.57
1.514	106.86
1.524	106.68
1.534	104.19
1.544	102.15
1.554	74.38
1.694	125.58
1.704	125.27
1.714	125.5
1.724	118.73
1.734	113.49
1.744	109.62
1.754	113.78
1.764	120.25
1.774	120.43
1.784	123.45
1.794	125.99
1.804	126.2
1.814	126.57
1.824	126.35
1.834	125.88
1.844	126.64
1.854	126.19
1.864	127.33
1.874	126.49
1.884	125.57
1.894	126.86
2.084	146.83
2.094	144.53
2.104	134.56
2.114	128.44
2.124	124.24
2.134	121.96
2.144	131.73
2.154	132.82
2.164	131.12
2.174	130.35
2.184	129.99
2.194	131.99
2.204	130.99
2.214	131.92
2.224	137.12
2.234	130.49
2.244	130.16
2.254	132.33
2.264	132.15
2.274	130.77
2.284	131.4
2.464	132.92
2.474	114.57
2.484	114.76
2.494	113.39
2.504	112.86
2.514	112.71
2.524	112.39
2.534	112.78
2.544	112.34
2.554	111.74
2.564	111.36
2.574	111.49
2.584	112.32
2.594	112.98
2.604	112.54
2.614	112.43
2.624	112.35
2.684	136.07
2.694	127.53
2.704	124.29
2.714	122.64
2.724	119.22
2.734	113.86
2.744	108.91
2.754	108.15
2.764	109.81
2.774	104.53
2.784	103.9
2.794	106.8
2.804	103.19
2.814	103.66
2.824	107.34
2.834	110.6
2.844	123.67
2.854	123.35
2.864	121.66
2.874	116.78
2.884	110.45
2.894	115.64
2.904	110.42
2.914	105.4
3.004	122.95
3.014	117.09
3.024	118.03
3.034	118.67
3.044	119.12
3.054	118.25
3.064	117.4
3.074	117.22
3.084	117.51
3.474	94.01
3.484	95.61
3.494	96.62
3.504	73.68
3.514	73.49
3.674	134.27
3.684	132.77
3.694	136.37
3.704	136.22
3.714	145.39
3.724	143.74
3.734	143.1
3.744	139.7
3.754	134.87
3.764	134.24
3.774	130.35
3.784	125.96
3.794	127.31
3.804	130.98
3.814	125.99
3.824	125.65
3.834	123.85
3.844	123.4
3.854	126.13
3.864	128.14
3.874	124.01
3.884	127.5
3.894	128.96
3.904	128.35
3.924	136.58
3.934	129.15
3.944	128.67
4.244	97.96
4.254	99.01
4.264	98.24
4.394	126.21
4.404	113.99
4.414	114.63
4.424	114.76
4.434	115.2
4.444	114.69
4.454	113.56
4.624	97.07
4.634	90.05
4.644	87.95
4.654	94.23
4.664	90.07
4.674	81.59
4.684	90.4
4.694	92.16
4.704	89.56
4.714	86.61
4.724	87.51
4.734	83.12
4.744	87.2
4.754	90.97
4.764	90.2
4.784	81.23
4.794	81.59
4.804	89.06
4.814	95.88
5.494	216.45
5.504	215.11
5.514	206.3
5.524	194.94
5.644	108.97
5.654	95.89
5.664	95.93
5.674	94.7
5.684	93.47
5.694	92.22
5.704	91.95
5.714	91.83
5.724	93.8
5.734	93.29
5.864	104.78
5.874	104.13
5.884	103.48
5.894	101.33
5.904	99.29
5.914	98.28
5.924	96.44
5.934	95.29
5.944	93.52
5.954	89.8
5.964	88.57
5.974	86.15
5.984	85.91
5.994	85.14
6.004	84.42
6.014	84.86
6.024	83.26
6.034	91.78
6.044	90.9
6.054	86.24
6.064	85.28
6.074	88.29
6.084	86.6
6.094	85.88
6.104	90.21
6.114	86.02
6.124	86.41
6.644	105.35
6.654	105.58
6.664	105.36
6.674	105.72
6.684	105.87
6.694	100.3
6.764	103.82
6.774	104.55
6.784	102.25
6.794	98.54
6.804	96.29
6.814	84.3
6.974	101.15
6.984	101.15
6.994	100.52
7.004	104.41
7.014	104.73
7.024	104.72
7.324	95.23
7.334	95.57
7.344	94.78
7.354	93.94
7.364	94.16
7.374	92.36
7.384	92.03
7.394	90.35
7.404	86.58
7.414	83.37
7.424	91.6
7.434	90.72
7.444	86.71
7.454	92.17
7.464	88.7
7.474	82.64
7.484	93.97
7.494	92.33
7.504	78.36
7.954	108.8
7.964	103.56
7.974	99.95
7.984	97.73
8.004	101.85
8.014	99.69
8.024	100.35
8.154	100.93
8.164	100.97
8.174	98.55
8.294	104.27
8.304	105.08
8.554	101.13
8.564	98.52
8.574	95.28
8.584	95.88
8.594	95.5
8.604	92.94
8.614	92.9
8.624	92.33
8.634	92.45
8.644	90.48
8.654	87.84
8.664	88.03
8.674	88.21
8.684	88.97
8.694	90.87
8.704	86.27
8.714	87.52
8.724	90.66
8.734	90.44
9.634	96.37
9.644	101.55
9.654	99.05
9.664	97.59
9.674	96.02
9.684	95.58
9.694	95.43
9.704	95.95
9.714	96.79
9.724	96.84
9.734	96.2
9.744	96.93
9.754	96.79
9.764	95.64
9.774	85.11
9.784	85.2
9.794	86.94
9.804	87.77
9.814	96.26
9.824	96.31
9.834	84.62
9.844	87.94
9.854	86.95
10.624	76.41
10.634	73.7
10.644	73.99
10.654	73.47
11.144	134.71
11.154	125.6
11.164	121.63
11.314	106.71
11.324	106.57
11.334	105.48
11.344	108.24
11.354	107.8
11.364	107.79
11.374	108.68
11.384	108.33
11.394	105.47
11.404	107.83
11.414	107.31
11.424	107.84
11.434	108.76
11.444	107.23
