time	f0
2.97	239.19
2.98	232.08
2.99	228.45
3	211.58
3.01	214.19
3.02	220.11
3.03	219.57
3.04	209.1
3.05	217.64
3.06	214.19
3.07	213.18
3.08	210.14
3.09	206.54
3.1	211.96
3.11	208.37
3.12	209.6
3.13	212.02
3.14	211.42
3.15	205.92
3.16	209.28
3.17	209.53
3.18	206.85
3.19	207.91
3.2	210.29
3.21	206.63
3.22	207.65
3.23	209.06
3.24	207.48
3.25	209.36
3.26	211.24
3.27	209.92
3.28	210.84
3.29	212.11
3.3	213.38
3.31	212.37
3.32	209.39
3.33	210.06
3.34	210.08
3.35	210.13
3.36	210.56
3.37	213.08
3.38	210.05
3.39	212.65
3.4	211.85
3.41	213.01
3.42	212.41
3.43	214.19
3.44	213.3
3.45	215.54
3.46	215.73
3.47	218.37
3.56	319.92
3.57	321.45
3.82	227.02
3.83	223.13
3.84	223.16
3.85	223.38
3.86	223.71
3.87	222.96
3.88	222.8
3.89	218.54
3.9	223.13
3.91	222.97
3.92	224.1
3.99	232.16
4	225.2
4.01	224.93
4.02	226.75
4.03	220.61
4.04	216.5
4.05	218.02
4.06	224.83
4.07	220.72
4.08	215.34
4.09	217.33
4.1	218.27
4.11	226.28
4.12	228.74
4.13	238.5
4.14	234.81
4.15	248.12
4.16	239.03
4.17	230.39
4.18	228.99
4.19	234.62
4.22	201.12
4.23	201.05
4.24	202.31
4.25	214.19
4.26	216.77
4.27	204.87
4.28	206.21
4.29	210.06
4.3	208.09
4.31	207.37
4.32	209.69
4.33	208.29
4.34	208.84
4.35	206.95
4.36	209.81
4.37	209.75
4.38	208.81
4.39	207.42
4.4	209.74
4.41	212.58
4.42	204.33
4.43	209.54
4.44	210.71
4.45	206.42
4.46	213.32
4.47	208.02
4.48	218.34
4.49	215.22
4.5	217.21
4.51	230.44
4.52	225.62
4.53	221.79
4.54	206.83
4.55	228.57
4.56	241.31
4.57	229.87
4.58	215.44
4.59	216.54
4.6	212.24
4.61	209.01
4.62	209.47
4.63	207.69
4.64	212.89
4.65	210.76
4.66	215.59
4.67	209.44
4.68	210.2
4.69	212.03
4.73	205.41
4.74	213.53
4.75	216.56
4.76	196.62
4.77	209.63
4.78	209
4.79	197.27
4.8	208.66
4.81	206.58
4.82	202.51
4.83	210.04
4.84	202.48
4.85	203.34
4.86	209.5
4.87	204.21
4.88	208.32
4.89	212.07
4.9	205.08
4.91	212.54
4.92	208.55
4.93	205.95
6.18	265.7
6.19	212.17
6.2	230
6.21	231.47
6.22	230.51
6.23	229.55
6.24	232.77
6.25	233.25
6.26	236.44
6.27	238.66
6.28	241.13
6.29	243.48
6.3	242.38
6.31	242.89
6.32	239.8
6.33	237.68
6.34	233.94
6.35	231.56
6.36	231.24
6.37	225.33
6.38	225.61
6.39	221.94
6.4	226.13
6.41	223.27
6.42	218.35
6.43	224.62
6.44	236.53
6.45	226.19
6.46	226.73
6.47	228.84
6.48	231.54
6.49	237.36
6.54	221.88
6.55	238.65
6.56	263.77
6.57	227.18
6.58	221.46
6.59	220.67
6.6	219.01
6.61	220.36
6.62	228.31
6.63	226.09
6.64	220.32
6.65	242.2
6.66	235.61
6.67	236.11
6.68	239.84
6.69	247.99
6.7	247.05
6.71	246.59
6.72	250.34
6.73	248.5
6.74	239.8
6.75	241.91
6.76	240.33
6.77	238.93
6.78	237.53
6.79	225.17
6.8	224.69
6.81	228.24
6.82	233.77
6.83	227.11
6.84	234.28
6.85	251.47
6.86	229.86
6.87	217.29
6.88	220.22
6.89	219.69
6.9	218.28
6.91	210.41
6.92	210.78
6.93	211.18
6.94	211.86
6.95	214.22
6.96	225.73
6.97	242.31
6.98	245.21
6.99	239.12
7	235.26
7.01	229.54
7.02	229.33
7.03	227.12
7.04	237.13
7.05	230.91
7.06	226.05
7.07	220.85
7.08	220.9
7.09	222.56
7.1	222.27
7.11	218.8
7.12	217.01
7.13	222.54
7.14	220.58
7.15	215.63
7.16	221.02
7.17	224.71
7.18	228.89
7.19	243.69
7.2	245.53
7.21	213.61
7.22	214.91
7.23	212.1
7.24	211.21
7.25	208.84
7.26	207.49
7.27	207.71
7.28	203.5
7.29	212.17
7.3	207.72
7.31	206.97
7.32	212.61
7.33	208.21
7.34	207.51
7.35	209.4
7.36	211.45
7.37	209.21
7.38	210.12
7.39	210.25
7.4	207.42
7.41	205.74
7.42	205.8
7.43	203.74
7.44	207.45
7.45	209.15
7.46	206.18
7.47	210.29
7.48	212.03
7.49	203.23
7.5	208.67
7.51	203.87
7.52	213.47
7.53	222
7.54	209.08
7.55	208.87
7.56	204.31
7.57	209.16
7.58	210.72
7.59	221.2
7.6	259.37
7.61	230.22
7.62	214.94
7.63	212.02
7.64	209.71
7.65	211.68
7.66	207.61
7.67	208.06
7.68	208.65
7.69	205.44
7.7	205.71
7.71	207.33
7.72	205.97
7.73	204.55
7.74	217.1
7.75	204.99
7.76	224.8
7.77	216.3
7.78	204.8
7.79	202.48
7.8	202.75
7.81	220.52
8.97	232.35
8.98	238.23
8.99	236.36
9	235.21
9.01	233.66
9.02	231.79
9.03	230.53
9.04	227.52
9.05	225.76
9.06	223.05
9.07	220.14
9.08	215.92
9.09	220.47
9.1	218.16
9.11	216.31
9.12	210.62
9.13	213.64
9.14	214.15
9.15	210.27
9.16	204.06
9.17	207.63
9.18	207.15
9.19	202.78
9.2	203.95
9.21	204.67
9.22	202.93
9.23	204.31
9.24	203.8
9.25	203.98
9.26	204.51
9.27	199.69
9.28	205.34
9.29	203.37
10.18	241.12
10.19	240.65
10.2	230.37
10.21	222.75
10.22	225.49
10.23	220.71
10.24	220.84
10.25	222.03
10.26	217.77
10.27	221.75
10.28	222.55
10.29	222.8
10.3	222.31
10.31	220.73
10.32	249.94
10.33	226.87
10.34	224.93
10.35	227.02
10.36	224.75
10.37	229.86
10.38	227.39
10.39	227.63
10.4	230.51
10.41	234.19
10.42	221.91
10.43	224.78
10.44	228.34
10.45	225.5
10.46	227.03
10.47	219.65
10.48	230.66
10.49	223.05
10.5	237.88
10.51	254.54
10.52	236.54
10.53	237.88
10.54	237.31
10.55	237.84
10.56	239.02
10.57	240.48
10.58	241.28
10.59	241.67
10.6	242.74
10.61	242.02
10.62	240.52
10.63	240.41
10.64	241.53
10.65	242.25
10.66	242.58
10.67	243.52
10.68	245.21
10.69	247
10.7	246.49
10.71	239.46
10.72	235.62
10.73	231.96
10.74	229.45
10.75	228.62
10.76	225.15
10.77	223.08
10.78	227.24
10.79	224.06
10.8	217.99
10.81	218.52
10.82	221.66
10.83	225.03
10.84	225.28
10.85	227.1
10.86	226.98
10.87	228.22
10.88	226.63
10.89	228.17
10.9	225.83
10.91	229.74
10.92	233.12
10.93	226.71
10.94	232.53
10.95	229.87
10.96	233.68
10.97	234.02
10.98	228.24
10.99	228.27
11	229.86
11.31	268.74
11.32	256.85
11.33	240.69
11.34	238.3
11.35	236.93
11.36	233.62
11.37	231.75
11.38	229.97
11.39	229.13
11.4	232.43
11.41	232.61
11.42	233.71
11.43	233.43
11.44	231.14
11.45	228.85
11.46	231.91
11.47	232.8
11.48	238.68
11.49	233.81
11.5	233.07
11.51	232.96
11.52	231.93
11.53	231.3
11.54	229.86
12.76	236.19
12.77	246.32
12.78	231.75
12.79	225.11
12.8	220.4
12.81	219.53
12.82	219.21
12.83	217.37
12.84	212.62
12.85	213.4
12.86	215.61
12.87	210.65
12.88	209.33
12.89	212.06
12.9	211.44
12.91	207.45
12.92	214.05
12.93	211.64
12.94	211.17
12.95	210.18
12.96	209.35
12.97	208.23
12.98	207.69
12.99	204.29
13	205
13.01	207.12
13.02	204.48
13.03	207.49
13.04	206.73
13.05	205.39
13.06	210.16
13.07	209.44
13.08	208.87
13.09	208.38
13.1	213.43
13.11	200.27
13.12	209.25
13.13	211.31
13.14	201.59
13.15	208.9
13.16	209.84
13.69	240.26
13.7	228.56
13.71	238.68
13.72	216.65
13.73	212.98
13.74	214.04
13.75	213.59
13.76	202.05
13.77	213.14
13.78	210.23
13.79	203.04
13.8	208.08
13.81	206.1
13.82	204.75
13.83	207.7
13.84	206.27
13.85	206.56
13.86	208.7
13.87	211.92
13.88	207.44
13.89	205.12
13.9	212.2
13.91	204.79
13.92	203.13
13.93	209.25
13.94	210.8
14.28	237.59
14.29	222.15
14.3	212.86
14.31	210.94
14.32	207.25
14.33	211.5
14.34	220.21
14.35	219.38
14.36	214.72
14.37	209.18
14.38	220.54
14.39	213.26
14.4	211.24
14.41	210.67
14.42	212.61
14.43	200
14.44	204.42
14.48	227.79
14.49	232.23
14.5	225.81
14.51	217.98
14.52	211.31
14.53	213.55
14.54	213.83
14.55	223.65
14.63	251.24
14.64	187.63
14.65	199.68
14.66	205.99
14.67	200.41
14.68	196.43
14.69	205.41
14.7	194.16
14.71	198.61
14.72	200.4
14.73	203.99
14.79	225.8
14.8	220.43
14.81	233.92
14.82	210.47
14.83	204.68
14.84	202.31
14.85	192.56
14.86	187.6
14.96	232.09
14.97	209.02
14.98	197.03
14.99	205.04
15	197.38
15.01	198.59
15.02	198.13
15.03	195.79
15.04	195.68
15.05	201.69
15.06	197.71
15.07	213.15
15.08	222.31
15.13	222.74
15.14	250.36
15.15	221.73
15.16	215.33
15.17	217.55
15.18	219.73
15.19	219.15
15.2	226.51
15.21	209.62
15.22	239.19
15.23	213.91
15.24	227.07
15.25	277.4
15.26	252.52
15.27	245.12
15.28	276.42
15.35	213.9
15.36	200.17
15.37	221.72
15.38	216.08
15.39	214.56
15.4	202.35
15.41	205.94
15.42	216.6
15.43	219.57
15.44	202.92
15.45	206.87
15.46	216.93
15.47	207.15
15.48	217.83
15.49	217.51
16.6	269.61
16.61	266.21
16.62	267.51
16.63	243.48
16.64	271.39
16.65	282.24
16.66	269.22
16.67	285.65
16.68	277.79
16.69	251.68
16.7	271.2
16.71	205.2
16.72	202.96
16.73	206.7
16.74	220.62
16.75	207.62
16.79	245.45
16.8	245.88
16.81	240.24
16.82	248.7
16.93	229.99
16.94	219.78
16.95	212.67
16.96	212.09
16.97	211.83
16.98	210.55
16.99	205.9
17	208.24
17.01	207.08
17.02	208.83
17.03	205.28
17.04	200.76
17.05	225.32
17.06	214.83
17.07	201.55
17.08	208.07
17.09	217.33
17.19	256.86
17.2	238.22
17.21	244.94
17.22	206.97
17.23	211.58
17.24	208.58
17.25	211.57
17.26	211.7
17.27	211.96
17.28	214.92
17.29	206.67
17.3	212.85
17.31	210.52
17.32	208.52
17.33	210.85
17.34	208.61
17.35	211.45
17.36	219.44
17.37	212.51
17.38	210.55
17.39	211.38
17.4	211.23
17.41	211.56
17.42	211.27
17.43	210.21
17.44	212.44
17.45	214.85
17.46	222.14
17.47	241.18
17.48	255.48
17.49	244.64
17.5	219.78
17.51	230.05
17.52	263.04
17.53	250.31
17.54	251.25
17.55	236.62
17.56	224.24
17.57	222.5
17.58	215.25
17.59	218.44
17.6	210.39
17.61	206.08
17.62	210.18
17.63	204
17.64	206.93
17.65	208
17.66	206.14
17.67	205.11
17.68	206.56
17.69	197.18
17.7	195.29
17.71	194.38
17.72	197.07
17.73	195.94
17.74	194.41
17.75	195.09
17.76	197.13
17.77	194.69
17.78	196.41
17.79	195.77
17.8	194.27
17.81	196.37
17.82	197.67
19.6	244.05
19.61	231.55
19.62	229.79
19.63	222.03
19.64	218.4
19.65	219.53
19.66	220.95
19.67	218.18
19.68	211.95
19.69	212.79
19.7	215.72
19.71	208.93
19.72	208.6
19.73	210.3
19.74	203.28
19.75	208.75
19.76	211.05
19.77	208.83
19.78	208.32
19.79	208.38
19.8	203.88
19.81	205.48
19.82	205.52
19.83	205.27
19.84	209.33
19.85	204.88
19.86	209.51
19.87	208.98
19.88	208.71
19.89	209.32
19.9	205.89
20.14	224.89
20.15	242.36
20.16	257.66
20.17	273.17
20.18	254.1
20.19	221.57
20.2	200.36
20.21	214.57
20.22	210.65
20.23	206.72
20.24	212.19
20.25	210.79
20.26	209.35
20.27	211.83
20.28	213.08
20.29	210.71
20.3	211.18
20.31	210.46
20.32	214.26
20.33	217.1
20.34	212.43
20.35	210.45
20.36	209.65
20.37	207.4
20.38	207.3
20.39	204.64
20.4	197.78
20.41	206.45
20.42	205.33
20.43	202.38
20.44	207.42
20.45	208.94
20.46	205.23
20.47	212.8
20.48	211.3
20.49	209.55
20.5	206.6
20.51	205.85
20.52	206.82
20.53	222.56
20.54	220.05
20.61	225.14
20.62	234.4
20.63	246.17
20.64	222.26
20.65	212.21
20.66	214.09
20.67	218.67
20.68	212.46
20.69	211.77
20.7	205.97
20.71	213.91
20.72	209.3
20.73	218.68
20.74	210.77
20.75	211.4
20.76	229.03
20.77	233.31
20.83	227.46
20.84	225.02
20.85	218.15
20.86	214.44
20.87	220.11
20.88	225.82
20.89	234.26
20.9	246.25
20.91	245.94
20.92	243.13
20.93	239.27
20.94	237.79
20.95	247.3
20.96	237.45
20.97	235.05
21.07	224.82
21.08	221.2
21.09	214.48
21.1	215.27
21.11	213.22
21.12	218.66
21.13	223.19
21.84	247.41
21.85	229.44
21.86	231.2
21.87	239.2
21.88	233.7
21.89	228.72
21.9	223
21.91	220.75
21.92	216.87
21.93	202.24
21.94	207.77
21.95	198.67
21.96	194.82
21.97	195.78
21.98	200.32
21.99	225.23
22	229.62
22.01	245.35
22.02	245.47
22.03	240.68
22.04	240.17
22.05	230.7
22.06	239.72
22.07	245.07
22.08	229.55
22.09	239.26
22.1	247.07
22.11	246.11
22.12	244.6
22.13	235.99
22.23	224.91
22.24	230.02
22.25	219.28
22.26	221.69
22.27	231.83
22.28	229.62
22.29	228.86
22.3	230.18
22.4	249.76
22.41	231.21
22.42	225.4
22.43	218.88
22.44	215.66
22.45	216
22.46	214.29
22.47	212.63
22.48	210.68
22.49	212.46
22.5	208.4
22.51	212.36
22.52	209.33
22.53	207.8
22.54	209.72
22.55	206.58
22.56	208.87
22.57	209.71
22.58	205.98
22.59	207.25
22.6	205.67
22.61	207.6
22.62	210.28
22.63	208.42
22.64	208.72
22.65	208.97
22.66	210.44
22.67	207.85
22.68	207.56
22.69	208.1
22.7	208.46
22.71	208.36
22.72	206.86
22.73	204.41
22.79	251.61
22.8	235.13
22.81	215.72
22.82	215.33
22.83	212.57
22.84	218.14
22.85	238.78
22.86	235.79
22.87	226.54
22.88	217.9
22.89	225.45
22.9	223.75
22.92	219.25
22.93	252.12
22.94	221.53
22.95	229.07
22.99	212.6
23	229.9
23.01	216.87
23.02	222.89
23.03	223.21
23.04	228.02
23.05	231.16
23.06	245.13
23.07	235.38
23.08	233.56
23.09	233.71
23.1	234.94
23.11	239.07
23.12	238.7
23.13	235.56
23.14	231.85
23.21	228.99
23.22	224.14
23.23	206.03
23.24	215.71
23.25	214.48
23.26	211.37
23.27	211.51
23.28	208.54
23.29	211.21
23.3	212.81
23.31	216.49
23.32	222.55
23.33	225.75
23.34	223.59
23.35	219.71
23.36	219.71
23.37	219.32
23.38	226.47
23.39	230.38
23.4	226.37
23.41	219.45
23.42	215.12
23.43	214.56
23.44	211.7
23.45	210.9
23.46	211.63
23.47	214.09
23.48	215.22
23.49	217.04
23.5	215.54
23.51	213.85
23.52	214.11
23.53	211.75
23.54	209.2
23.55	211.82
23.56	215.07
23.57	212.29
23.58	220.08
23.59	226.95
23.6	225.04
23.64	235.75
23.65	232.6
23.66	214.1
23.67	209.63
23.68	213.16
23.69	210.02
23.7	206.09
23.71	205.51
23.72	203.06
23.73	201.76
23.74	212.76
23.75	207.15
23.76	210.16
23.77	213.48
23.78	218.33
23.79	230.02
23.8	234.47
23.81	227.18
23.82	233.46
23.83	224.62
23.84	220.6
23.85	226.1
23.86	225.45
23.87	218.18
23.88	213.34
23.89	212
23.9	212.53
23.91	215.7
23.92	209.54
23.93	210.17
23.94	208.42
23.95	206.73
23.96	208
23.97	210.08
23.98	200.82
23.99	208.64
24	206.03
24.01	202.74
24.02	206.41
24.03	204.83
24.04	202.77
24.05	204.4
24.06	197.93
24.07	198.57
24.08	195.26
24.09	188.68
24.1	196.49
24.11	210.34
24.12	212.64
24.19	236.52
24.2	223.12
24.21	217.8
24.22	216.49
24.23	216
24.24	213.18
24.25	210.88
24.26	212.98
24.27	215.85
24.28	215.12
24.29	212.05
24.3	212.44
24.31	208.82
24.32	210.18
24.33	215.39
24.34	211.23
24.35	215.35
24.36	209.67
24.37	210.93
24.38	208.98
24.39	241
24.4	225.76
24.41	217.41
24.42	215.46
24.43	217.66
24.44	221.76
24.45	218.47
24.46	212.74
24.47	212.94
24.48	211.34
24.49	213.3
24.5	215.93
24.51	212.41
24.52	233.85
24.53	226.03
24.54	215.75
24.55	210.01
24.56	218.11
24.57	213.08
24.58	208.91
24.59	212.28
24.6	215.67
24.61	216.46
24.62	216.03
24.63	211.47
24.64	218.4
24.65	215.98
24.66	206.89
24.67	207.89
24.68	206.83
24.69	213.33
24.7	213.56
24.71	219.01
24.72	211.42
24.73	218.82
24.74	212.63
24.75	207.04
24.83	236.47
24.84	228.99
24.85	217.87
24.86	215.43
24.87	211.13
24.88	210.66
24.89	209.04
24.9	205.12
24.91	210.33
24.92	212.02
24.93	209.58
24.94	210.42
24.95	202.25
24.96	211.03
24.97	211.93
24.98	209.26
24.99	210.12
25	207.89
25.01	210.61
25.02	208.74
25.03	225.48
25.04	195.79
25.05	208.38
25.06	204.48
25.07	206.96
25.08	219.61
25.09	218.81
25.1	214.09
25.11	208.04
25.12	206.55
25.13	202.46
25.14	195.36
25.15	202.63
25.16	221.88
25.17	212.25
25.18	222.15
25.19	212.48
25.2	204.05
25.21	208.28
25.29	223.42
25.3	236.31
25.31	236.17
25.32	233.73
25.33	245.6
25.34	232.74
25.35	232.81
25.36	235.69
25.37	244.94
25.38	240.55
25.39	243.64
25.4	235.06
25.41	229.76
25.42	252.48
25.43	236.63
25.44	224.09
25.45	236.08
25.46	236.1
25.47	244.42
25.48	233.13
25.49	222.38
25.5	219.64
25.51	222.11
25.52	221.64
25.53	225.63
25.54	221.92
25.55	220.26
25.56	225.01
25.57	227.71
25.58	223.56
25.59	224.56
25.6	228.55
25.61	229.8
25.62	223.41
25.76	248.94
25.77	246.56
25.78	231.79
25.79	230.72
25.8	235.68
25.81	242.32
25.82	237.62
25.83	233.93
25.84	234.69
25.85	234.28
25.86	248.92
25.87	241.4
25.88	236.96
25.89	235.07
25.9	237.78
25.91	238.62
25.92	234.65
25.93	229.73
25.94	230.07
25.95	234.77
25.96	236.56
25.97	235.23
25.98	231.18
25.99	232.82
26	234.35
26.01	256.36
26.02	235.03
26.03	239.63
26.04	237.17
26.05	236.33
26.06	235.88
26.07	228.62
26.08	246.68
26.09	230.62
26.1	227.72
26.11	234.28
26.12	234.91
26.13	253.44
26.14	234.41
26.15	233.14
26.22	241.13
26.23	241.56
26.24	236.72
26.25	241.19
26.26	231.32
26.27	234.89
26.28	245.43
26.29	253.32
26.3	240.64
26.31	235.44
26.32	237.49
26.33	256.46
26.34	233.32
26.35	240.03
26.36	244.09
26.37	242.42
26.81	158.65
26.82	166.62
27.21	152.94
27.22	156.51
27.23	164.97
27.24	152.6
27.52	296.77
27.56	188.41
27.57	186.17
27.58	211.05
27.59	208.72
27.6	212.72
27.61	204.5
27.62	207.3
27.63	207.95
27.64	208.3
27.65	202.26
27.66	204.87
27.67	203.75
27.68	204.73
27.69	202.2
27.7	203.23
27.71	198.25
27.72	195.34
27.73	195.11
27.74	195.12
27.75	194.37
27.76	193.95
27.77	195.59
27.78	193.22
27.79	191.99
27.8	191.2
27.81	194.11
27.82	192.74
27.83	192.23
27.84	193.89
27.85	193.97
27.86	193.67
27.87	194.32
27.88	195.72
27.89	196.31
27.9	194.8
27.91	195.2
27.92	195.49
27.93	197.84
27.94	196.21
27.95	207.03
27.96	227.53
27.97	199.16
27.98	213.79
27.99	203.23
28	222.28
28.01	219.88
28.02	208.51
28.03	230.52
28.04	244.01
28.05	242.78
28.06	242.85
28.07	228.52
28.08	211.07
28.09	209.77
28.12	185.82
28.13	183.12
28.14	230.76
28.15	195.55
28.16	218.61
28.17	202.02
28.18	215.52
28.19	221.58
28.2	220.78
28.23	236.58
28.24	216.87
28.25	205.08
28.26	186.13
28.27	218.26
28.28	216.19
28.29	208.56
28.3	211.12
28.31	226.97
28.33	219
28.34	213.46
28.35	213.07
28.36	223.35
28.37	206.43
32.89	216.94
32.98	243.67
32.99	233.19
33	230.53
33.01	220.96
33.02	213
33.03	211.06
33.04	214.54
33.05	204.49
33.06	200.41
33.07	198.82
33.08	206.76
33.09	201.66
33.12	224.79
33.13	199.07
33.68	218.29
33.69	213.82
33.7	219.51
33.71	211.67
33.72	210.81
33.73	213.49
33.74	213
33.75	213.16
33.76	216.05
33.77	217.47
33.78	217.94
33.79	219.62
33.8	218.96
33.81	220.12
33.82	218.25
33.83	220.22
33.84	221
33.85	220.03
33.86	220.67
33.87	221.31
33.88	222
33.89	222.54
33.9	221.51
33.91	221.47
33.92	218.9
33.93	219.25
33.94	218.52
33.95	214.97
33.96	212.64
33.97	212.58
33.98	210.23
33.99	207.24
34	204.17
34.01	198.34
34.02	202.92
34.03	203.37
34.04	201.41
34.05	194.76
34.06	200.33
34.07	204.1
34.08	212.24
34.09	209.34
34.1	210.74
34.12	206.92
34.71	216.88
34.72	219.43
34.73	214.02
34.74	204.79
34.75	214.49
34.76	213.93
34.83	247.92
34.84	239.2
34.85	216.02
34.86	205.47
34.87	203.79
34.88	204.27
34.89	203.29
34.9	203.35
34.91	206.8
34.92	220.19
34.93	232.34
34.94	211.52
34.95	222.14
34.96	261.41
34.97	213.01
34.98	205.14
34.99	228.33
35	218.81
35.01	216.13
35.02	209.22
35.03	219.82
35.04	221.4
35.05	217.02
35.06	211.85
35.07	205.77
35.08	205.08
35.09	207.03
35.1	207.96
35.11	210
35.12	211.33
35.13	210.64
35.14	210.72
35.15	210.59
35.16	209.17
35.17	209.17
35.18	206.72
35.19	206.01
35.2	203.4
35.21	205.06
35.22	202.95
35.23	202.51
35.24	208.03
35.25	205.65
35.26	208.9
35.27	211.25
35.28	210.17
35.29	210.44
35.3	212.55
35.31	213.58
35.32	214.77
35.33	216.27
35.34	219.82
35.35	219.85
35.36	218.75
35.37	216.05
35.38	215.21
35.39	214.4
35.4	212.63
35.41	212.15
35.42	210.57
35.43	209.18
35.44	208.17
35.45	208.82
35.46	205
35.47	206.31
35.48	208.83
35.49	205.71
35.5	211.18
35.51	209.86
35.52	206.34
35.53	207.01
35.54	205.86
35.55	201.1
35.56	209.77
35.57	211.5
35.58	205.52
35.59	213.49
35.6	206.84
35.61	207.84
35.62	210.87
35.63	198.66
35.81	250.17
35.84	268.57
35.85	236.97
35.86	255.91
35.87	239.6
35.88	237.68
35.89	235.13
35.9	236.71
35.91	233.95
35.92	239.25
35.93	238.57
35.94	242.46
35.95	235.28
35.96	230.37
36.02	208.93
36.03	226.3
36.04	219.13
36.05	209.05
36.06	206.41
36.07	206.66
36.08	210.53
36.09	202.7
36.1	205.48
36.11	205.05
36.12	207.98
36.13	207.55
36.14	205.22
36.15	208.31
36.35	219.19
36.36	225.41
36.37	212.31
36.38	209.14
36.39	210.78
36.4	205.25
36.45	208.65
36.46	219.16
36.52	194.15
36.53	205.03
36.54	200.39
36.55	201.59
36.56	191.3
36.57	205.59
36.65	192.47
36.66	217.41
36.67	200.04
36.68	199.8
36.69	199.04
36.7	197.79
36.71	196.75
36.72	194.81
36.73	193.63
36.74	193.4
36.75	195.5
36.76	195.79
36.77	196.05
36.78	196.18
36.79	197.51
36.8	198.01
36.81	197.86
36.82	197.15
36.83	197.68
36.84	196.2
36.85	197.05
36.86	194.03
36.87	200.4
36.88	197.51
36.89	198.28
36.9	197.27
36.91	196.01
36.92	194.47
36.93	190.73
36.94	194.62
36.95	193.64
36.96	195.65
36.97	190.65
36.98	200.63
36.99	207.5
37	218.07
37.01	199.37
37.02	197.42
37.03	196.26
37.04	196.44
37.05	196.29
37.06	195.85
37.07	195.6
37.08	195.35
37.09	194.53
37.1	194.57
37.11	193.23
37.12	192.3
37.13	191.86
37.14	190.63
37.15	191.45
37.16	190.24
37.17	181.35
37.18	190.75
37.19	191.57
37.2	193.03
37.21	195.42
37.22	196.05
37.23	194.05
37.24	193.1
37.25	191.6
37.26	190.01
37.27	189.07
37.28	192.94
37.29	186.34
37.3	186.27
37.31	186.37
37.32	185.46
37.33	185.67
37.34	184.23
37.35	183.26
37.36	187.9
37.37	186.14
37.38	188.12
37.39	185.66
37.4	187.32
37.41	186.04
37.42	187.41
37.43	186.87
37.44	187.28
37.45	188.58
37.46	189.48
37.47	186.02
37.58	199.18
37.59	206.62
37.6	198.69
37.61	187.91
37.62	189.56
37.63	188.21
37.64	191.3
37.65	192.7
37.66	192.78
37.67	180.87
37.68	189.38
37.74	210.07
37.75	223.04
37.76	211.03
37.77	196.48
37.78	196.07
37.79	194.73
37.8	196.14
37.81	194.34
37.82	192.69
37.83	194.33
37.84	193.55
37.85	215.76
37.86	249.02
37.87	219.66
37.88	258.11
37.89	266.09
37.9	253.96
37.91	253.22
37.92	239.4
37.93	242.09
37.94	251.23
37.95	231.33
37.96	240.17
37.97	244.3
37.98	237.23
37.99	240.33
38	252.8
38.01	235.54
39.84	210.16
39.85	199.71
39.86	205.93
39.87	198.03
39.88	200.84
39.89	198.51
39.9	191.84
39.94	302.9
39.95	307.26
40.12	194.06
40.13	190.9
40.14	191.92
40.15	189.86
40.16	190.8
40.17	188.82
40.18	188.8
40.19	188.09
40.2	187.88
40.21	187.42
40.22	186.93
40.23	186.51
40.24	186.77
40.25	186.58
40.26	185.98
40.27	185.73
40.28	185.63
40.29	186.71
40.3	190.33
40.31	186.04
40.32	183.19
40.33	186.54
40.34	194.03
40.35	189.04
40.36	188.75
40.37	185.91
40.38	183.18
40.39	181.25
40.4	181.68
40.41	181.77
40.42	182.93
40.43	182.88
40.44	182.28
40.45	181.61
40.46	182.62
40.47	182.04
40.48	181.39
40.49	185.77
40.5	182.97
40.51	182
40.52	182.84
40.53	189.76
40.54	203.16
40.55	203.99
40.56	200.91
40.57	201.19
40.58	201.98
40.59	203.35
40.6	206.05
40.61	205.3
40.62	203.51
40.63	204.55
40.64	203.08
40.65	199.06
40.66	198.97
40.67	202.1
40.68	198.31
40.69	195.73
40.7	209.09
40.71	206.81
40.72	203.96
40.73	207.26
40.77	156.72
40.78	172.28
40.79	178.62
40.8	180.6
40.81	184.54
40.82	187.57
40.83	188.09
40.84	185.64
40.85	187.36
40.86	183.87
40.87	182.49
40.88	185.99
40.89	181.51
40.9	188.33
40.91	184.58
40.99	206.96
41	198.55
41.01	198.17
41.02	195.17
41.03	192.89
41.04	192.65
41.05	192.63
41.06	190.13
41.07	190.23
41.08	189.37
41.09	192.56
41.13	261.91
41.14	221.31
41.15	198.01
41.17	246.39
41.18	244.3
41.19	240.82
41.2	224.4
41.21	208.94
41.22	204.31
41.23	201.26
41.24	200.73
41.25	197.21
41.26	201.04
41.27	200.03
41.28	201.31
41.29	202.05
41.3	200.95
41.31	201.57
41.32	202.96
41.33	202.58
41.34	201.48
41.35	203.89
41.36	203.82
41.37	203.48
41.38	197.55
41.39	205.22
41.4	205.06
41.41	202.9
41.42	205.2
41.43	196.35
41.44	194.11
41.45	201.2
41.47	195.92
41.48	220.2
41.49	205
41.5	206.64
41.61	231.13
41.62	204.58
41.63	203.02
41.64	204.05
41.65	202.3
41.66	200.67
41.67	205.19
41.68	197.25
41.69	201.11
41.7	203.06
41.71	200.06
41.72	204.71
41.73	199.03
41.74	210.12
41.75	204.82
41.76	208.3
41.77	205.77
41.78	202.3
41.79	205.74
41.8	202.46
41.81	202.7
41.82	204.71
41.83	201.76
41.84	210.5
41.85	202.85
41.86	201.17
41.87	201.42
41.88	198.78
41.89	198.76
41.9	197.61
41.91	198.08
41.92	196.71
41.93	198.01
41.94	197.07
41.95	195.15
41.96	194.97
41.97	195.5
41.98	194.77
41.99	193.83
42	192.99
42.01	193.89
42.02	195.39
42.03	195.11
42.04	192.78
42.05	193.06
42.06	194.29
42.07	195.06
42.08	192.74
42.09	195.78
42.1	195.43
42.11	210.31
42.12	208.12
42.13	208.7
42.14	207.34
42.15	201.86
42.16	202.63
42.17	193.97
42.2	199.87
42.21	197.92
43.83	223.83
43.84	224.79
43.85	210.06
43.86	211.26
43.87	209.29
43.88	206.32
43.89	214.92
43.9	217.88
43.91	217.09
44.05	229.18
44.06	201.75
44.07	187.92
44.08	205.21
44.09	191.9
44.1	207.73
44.11	191.41
44.12	179.22
44.13	181.55
44.14	193.58
44.15	183.18
45.78	345.04
45.8	237.18
45.81	240.13
45.82	223.41
45.83	230.04
45.84	241.84
45.85	238.47
45.86	241.42
45.87	238.48
45.88	236.54
45.89	239.82
45.9	242.04
45.91	239.77
45.92	244.75
46.28	175.55
46.29	172.77
46.3	170.77
46.31	170.54
46.32	171.46
46.33	172.17
46.34	172.01
46.35	172.11
46.36	172.93
46.37	171.11
46.38	170.57
46.39	173.46
46.4	172.08
46.41	173.91
46.42	175.98
46.43	175.39
46.44	177.25
46.45	179.03
46.46	181.31
46.47	185.34
46.48	188.73
46.49	190.23
46.5	194.01
46.51	194.56
46.52	195.07
46.53	195.71
46.54	194.72
46.55	195.94
46.56	193.33
46.57	188.55
46.62	193.66
46.63	191.76
46.64	258.57
46.65	260.48
46.66	249.79
46.67	208.19
46.68	244.21
46.69	246.86
46.7	232.81
46.71	197.56
46.72	195.18
46.73	190.83
46.74	189.57
46.75	189.49
46.76	188.36
46.77	189.76
46.78	186.52
46.79	189.2
46.8	186.2
46.81	190.15
46.82	186.87
46.83	196.2
46.88	194.72
46.89	199.53
46.9	187.54
46.91	186.8
46.92	175.96
46.93	189.12
46.94	190.08
46.95	186.52
46.96	185.1
46.97	183.77
46.98	188.73
46.99	185.35
47	185.26
47.01	182.41
47.02	183.97
47.03	182.7
47.04	191.23
47.05	181.25
47.06	182.01
47.07	184.95
47.08	182.89
47.09	181.49
47.1	176.86
47.11	185.35
47.12	183.71
47.13	180.81
47.15	180.9
47.16	185.93
47.17	178.65
47.18	185.51
47.19	192.88
47.2	188.94
47.31	210.95
47.32	201.52
47.33	187.8
47.34	176.98
47.35	195.74
47.36	189.23
47.37	191.01
47.38	188.09
47.39	192.01
47.4	184.21
47.41	188.72
47.42	184.06
47.43	184.97
47.44	187.54
47.45	201.76
47.46	196.89
47.47	231.17
47.48	223.18
47.49	232.87
47.5	198.24
47.51	195.25
47.52	192.88
47.53	196.16
47.54	193.79
47.55	198.39
47.56	197.19
47.57	197.51
47.58	186.22
47.59	216.72
47.6	214.35
47.62	254.11
47.63	231.38
47.64	198.17
47.65	235.54
47.66	240.78
47.67	214.04
47.7	229.41
47.71	223.2
49.55	257.78
49.56	225.86
49.7	236.95
49.71	226.31
49.72	209.83
49.73	214.89
49.74	210.83
49.75	207.32
49.76	220.58
50.67	241.94
50.68	215.61
50.69	194.97
50.7	208.7
50.71	208.51
50.72	208.15
50.73	201.56
50.74	214.19
50.75	207.81
50.76	198.73
50.77	198.11
50.78	209.59
50.79	211.83
50.8	205
51.09	245.43
51.1	215.21
51.11	208.99
51.13	230.6
51.14	238.84
51.15	225.7
51.16	229.15
51.17	220.22
51.18	219.21
51.19	235.28
51.2	226.05
51.21	229.39
51.22	230.81
51.23	193.21
51.32	195.79
51.33	200.43
51.34	200.23
51.35	202.22
51.36	201.05
51.37	202.07
51.38	200.94
51.39	199.24
51.4	203.89
51.41	198.32
51.42	199.4
51.43	199
51.44	203.06
51.45	194.97
51.46	198.56
51.47	197.22
51.48	196.26
51.49	194.31
51.5	198.42
51.51	199.62
51.52	195.85
51.53	199.58
51.6	234.17
51.61	229.58
51.62	209.96
51.63	208.14
51.64	200.13
51.65	197.61
51.66	194.26
51.67	197.64
51.68	195.54
51.69	195.42
51.7	198.41
51.71	201.45
51.72	194.75
51.73	192.34
51.82	245.9
51.83	246.43
51.84	240
51.85	232.55
51.86	178.97
51.87	178.05
51.88	184.11
51.89	193.67
51.9	191.94
51.91	188.64
51.92	201.8
51.93	191.64
51.94	190.26
52.4	239
52.41	226.31
52.42	207.54
52.43	205.16
52.44	207.16
52.45	202.87
52.46	200.79
52.47	213.38
52.48	202.58
52.49	200.27
52.5	197.4
52.51	193.27
52.52	193.72
52.53	190.81
52.54	189.7
52.55	186.75
52.56	187.23
52.57	175.15
52.58	183.14
52.59	192.12
52.6	192.33
52.67	208.3
52.68	240.6
52.79	273.65
52.82	292.7
52.83	239.94
52.84	227.9
52.85	189.81
52.87	203.28
52.88	206.25
52.89	208.83
52.9	208.76
52.91	209.82
52.92	205.46
52.93	202.64
52.94	210.95
52.95	210.39
52.96	201.69
52.97	228.67
52.98	200.3
52.99	231.34
53	202.09
53.01	244.03
53.02	242.24
53.03	252.99
53.04	227.74
53.05	227.79
53.06	233.95
53.07	221.86
53.08	230.33
53.09	222.27
53.1	207.12
53.11	220.1
53.12	218.37
53.13	217.42
53.14	213.36
53.15	198.98
53.23	223.64
53.24	234.5
53.25	215.35
53.26	212.41
53.27	226.45
53.28	223.46
53.29	220.91
53.3	225.46
53.31	222.26
53.32	219.04
53.33	220.58
53.34	216.24
53.35	220.27
53.36	218.49
53.37	219.41
53.38	210.63
53.39	207.13
53.4	207.73
53.41	206.77
53.42	210.36
53.43	206.28
53.44	202.23
53.45	205.29
53.46	207.5
53.47	199.11
53.48	212.68
53.49	203.57
56.11	211.93
56.12	216.64
56.13	211.38
56.14	214.52
56.15	214.19
56.16	209.75
56.17	211.49
56.18	206.78
56.48	239.86
56.49	224.83
56.5	220.43
56.51	213.91
56.52	205.35
56.53	210.81
56.54	212.63
56.55	209.02
56.56	210.14
56.57	208.46
56.58	208.11
56.59	209.28
56.6	208.59
56.61	216
56.62	211.36
56.63	210.97
56.64	208.78
56.65	206.68
56.66	208.49
56.67	208.12
56.68	208.83
56.69	209.49
56.7	209.38
56.71	209.54
56.72	210.07
56.73	209.88
56.74	209.3
56.75	207.94
56.76	207.61
56.77	207.74
56.78	207.32
56.79	207.57
56.8	208.05
56.81	207.86
56.82	207.29
56.83	206.34
56.84	204.1
56.85	204.64
56.86	204.01
56.87	200.68
56.88	198.8
56.89	199.67
56.9	199.18
56.91	200.04
56.92	200.58
56.93	198.11
56.94	197
56.95	199.5
56.96	198.34
56.97	198.19
56.98	197.57
56.99	198.59
57	193.66
57.06	197.43
57.07	249.16
57.08	226.34
57.09	222.25
57.1	211.12
57.11	218.9
57.12	215.94
57.13	208.86
57.14	207.07
57.15	208.31
57.16	208
57.17	204.52
57.18	203.35
57.19	204.76
57.2	200.67
57.21	198.79
57.22	196.94
57.23	197.64
57.24	196.5
57.25	206.89
57.26	198.74
57.27	209.85
57.28	205.02
57.29	221.63
57.3	219.27
57.31	219.6
57.32	199.32
57.33	194.24
57.34	203.85
57.44	234.48
57.45	234.9
57.46	211.82
57.47	211.44
57.48	223.64
57.49	216.71
57.5	222.78
57.51	219.59
57.52	227.53
57.53	227.54
57.54	225.73
57.55	227.32
57.56	232.04
57.57	225.46
57.65	228.17
57.66	234.68
57.67	229.18
57.68	209.55
57.69	207.39
57.7	208.11
57.71	207.66
57.72	207.46
57.73	229.1
57.76	227.42
57.77	205.97
57.78	206.65
57.79	216.94
57.8	211.56
57.81	226.95
57.84	201
57.85	197.32
57.86	198.68
57.92	200.34
57.99	219.92
58	227.35
58.01	230.35
58.02	222.41
58.03	225.37
58.04	224.21
58.05	222.28
58.06	222.83
58.07	224.16
58.08	222.5
58.09	221.51
58.1	220.19
58.11	221.47
58.12	217.12
58.13	216.41
58.14	218.57
58.15	222.7
58.16	221.15
58.17	219.88
58.18	211.68
58.19	218.43
58.2	216.04
58.21	214.16
58.22	212.79
58.23	212.98
58.24	213.36
58.25	214.77
58.26	218.56
58.27	217.43
58.28	215.23
58.29	216.63
58.3	216.13
58.31	216.08
58.32	215.1
58.33	213.34
58.34	215.7
58.35	211.18
58.36	211.62
58.37	213.02
58.38	212.3
58.39	214.9
58.4	214.76
58.41	214.79
58.46	209.68
58.47	202.08
58.48	208.24
58.49	206.7
58.5	209.02
58.51	213.41
58.52	210.94
58.53	206.62
58.54	210.6
58.88	233.36
58.89	232.23
58.9	232.17
58.91	226.62
58.92	219.41
58.93	219.69
58.94	218.31
58.95	204.39
58.96	208.72
58.97	204.36
58.98	199.96
58.99	217.38
59	200.05
