time	f0
0.032	91.6
0.042	91.44
0.052	91.34
0.062	91.34
0.072	91.54
0.082	91.93
0.092	91.81
0.102	91.65
0.112	93.24
0.122	93.43
0.132	92.83
0.142	91.87
0.152	89.61
0.162	89.65
0.172	88.72
0.182	88.77
0.192	88.94
0.202	88.52
0.212	87.7
0.222	86.52
0.232	84.81
0.242	84.44
0.252	84.48
0.262	83.63
0.272	83.48
0.282	83.63
0.292	82.96
0.302	83.44
0.312	82.84
0.322	81.91
0.332	84.14
0.342	83.12
0.352	84.26
0.362	90.14
0.372	94.47
0.382	93.89
0.392	95.06
0.432	84
0.442	82.43
0.452	85.65
0.462	89.75
0.472	87.44
0.482	85.29
0.492	84.61
0.502	84.34
0.512	85.41
0.522	89.56
0.532	89.87
0.542	91.05
0.552	89.51
0.562	87.95
0.572	86.88
0.582	84.54
0.592	81.17
0.732	79.29
0.742	75.63
0.752	73.11
0.762	74.97
0.842	75.43
0.852	76.09
0.862	74.97
0.872	74.55
0.882	75.33
0.892	74.13
0.902	75.48
0.912	76.04
0.922	74.13
0.932	74.12
1.002	73.09
1.012	74.58
1.022	74.45
1.262	74.52
1.272	74.44
1.282	75.37
1.292	75.24
1.302	75.32
1.372	73.51
1.382	73.86
1.392	74.82
1.402	75.36
1.412	73.31
1.422	72.04
1.572	74.69
1.582	74.75
1.592	73.4
1.602	72.18
1.612	74.22
1.622	74.32
1.632	73.3
1.642	73.41
1.652	74.54
1.662	73.61
1.672	73.57
1.682	74.2
1.692	74.34
1.702	72.02
1.712	71.31
1.722	71.6
1.732	71.97
1.742	71.95
1.752	74.86
1.762	73.01
1.772	73.04
1.782	73.18
1.852	71.96
1.862	71.7
1.872	75.88
1.882	75.68
1.892	71.66
1.902	72.1
1.912	72.84
1.922	73.03
1.932	72.15
1.942	70.79
1.952	74.54
1.962	74.38
1.972	69.3
1.982	69.43
1.992	76.4
2.002	76.35
2.012	74.03
2.022	70.48
2.032	72.09
2.042	72.11
2.052	70.99
2.062	72.01
2.072	72.06
2.082	71.5
2.092	72.04
2.102	73.85
2.112	73.01
2.122	71.3
2.132	72.13
2.142	73.44
2.152	73.39
2.162	71.85
2.172	71.55
2.182	69.55
2.192	69.82
2.202	71.17
2.212	71.58
2.222	72.29
2.232	72.03
2.242	71.03
2.252	71.64
2.262	73.26
2.272	73.71
2.282	72.14
2.292	70.39
2.302	70.31
2.312	70.82
2.322	71.35
2.332	69.38
2.342	66.54
2.352	71.42
2.362	73.16
2.372	73.34
2.382	72.2
2.392	72.14
2.402	74.46
2.412	74.8
2.422	75
2.432	72.85
2.442	72.81
2.452	70.76
2.462	67.76
2.472	67.8
2.482	68.84
2.492	68.97
2.502	71.46
2.512	71.99
2.522	71.09
2.532	71.06
2.542	71.02
2.552	71.08
2.562	71.93
2.572	72.66
2.582	73.28
2.592	72.57
2.602	68.4
2.612	69.89
2.622	72.12
2.632	71.24
2.642	71.15
2.652	72.15
2.662	70.65
2.672	67.4
2.682	67.94
2.692	70.8
2.702	69.07
2.712	69.24
2.722	70.87
2.732	70.52
2.742	68.98
2.752	70.93
2.762	70.26
2.772	68.11
2.782	68.21
2.792	70.67
2.802	70.76
2.812	73.69
2.822	72.24
2.832	72.39
2.842	72.8
2.852	72.89
2.862	72.94
2.872	72.89
2.882	70.7
2.892	70.78
2.902	69.62
2.912	70.19
2.922	70.95
2.932	70.98
2.942	70.34
2.952	72.98
2.962	71.96
2.972	71.8
2.982	71.82
2.992	71.77
3.002	71.63
3.012	70.33
3.022	66.86
3.032	73.27
3.042	73.69
3.052	70.73
3.062	71.83
3.072	71.32
3.082	70.65
3.092	70.74
3.102	69.08
3.112	72.27
3.122	73.68
3.132	72.95
3.142	72.93
3.152	71.37
3.162	71.51
3.172	70.89
3.182	70.69
3.192	68.57
3.202	68.62
3.212	72.01
3.222	72.1
3.232	71.14
3.242	67.32
3.252	68.66
3.262	72.33
3.272	71.24
3.282	71.47
3.292	71.51
3.302	71.2
3.312	70.85
3.322	70.63
3.332	70.76
3.342	72.17
3.352	70.41
3.362	70.37
3.372	70.01
3.382	69.2
3.392	68.4
3.402	68.41
3.412	68.71
3.422	71.92
3.432	70.99
3.442	70
3.452	70.08
3.462	68.64
3.472	65.82
3.482	70.17
3.492	70.83
3.542	68.11
3.552	68.13
3.562	71.72
3.572	68.44
3.582	68.59
3.592	71.31
3.602	71.97
3.612	71.9
3.622	69.22
3.632	68.45
3.642	73.78
3.652	72.88
3.662	69.86
3.672	70.61
3.682	71.26
3.692	70.72
3.702	72.51
3.712	71.35
3.722	68.57
3.732	68.54
3.742	68.21
3.752	71.16
3.762	69.51
3.772	68.64
3.782	69.69
3.792	73.52
3.802	73.38
3.812	71.18
3.822	67.2
3.832	67.58
3.842	72.44
3.852	73.47
3.862	70.24
3.872	68.87
3.882	65.71
3.892	71.23
3.902	73.86
3.912	71.97
3.922	71.25
3.932	72.01
3.942	72.23
3.952	68.01
3.962	64.23
3.972	69.37
3.982	75.29
3.992	72.64
4.002	68.46
4.012	68.36
4.022	71.88
4.032	73.21
4.042	74.1
4.052	71.12
4.062	66.34
4.072	68.63
4.082	69.88
4.092	70.5
4.102	66.28
4.112	65.52
4.122	68.44
4.132	67.66
4.142	71.25
4.152	71.2
4.162	67.49
4.172	68.08
4.222	72.23
4.232	68.27
4.242	69.54
4.252	69.61
4.262	70.75
4.272	71.07
4.282	70.88
4.292	71.53
4.302	68.54
4.312	68.42
4.322	72.34
4.332	71.85
4.342	71.3
4.352	71.05
4.612	112.48
4.622	114.66
4.632	116.78
4.642	118.89
4.652	120.86
4.662	122.43
4.672	124.05
4.682	124.24
4.692	122.67
4.702	119.87
4.712	119.28
4.722	121.24
4.732	122
4.742	122.12
4.752	121.95
4.762	123.81
4.772	123.75
4.782	123.43
4.792	123.19
4.802	139.19
4.812	134.47
4.822	132.71
4.832	130.8
4.842	129.41
4.852	128.77
4.862	127.82
4.872	127.81
4.882	124.24
4.892	118.71
4.902	108.96
4.912	108.05
5.412	125.64
5.422	123.47
5.432	118.57
5.442	106.47
5.452	105.17
5.462	105.62
5.472	106.31
5.482	106.19
5.492	106.14
5.502	105.37
5.512	104.47
5.522	104.18
5.532	103.8
5.542	102.94
5.552	101.65
5.562	101.07
5.572	100.75
5.582	100.83
5.592	101.19
5.602	101.51
5.612	101.49
5.622	101.31
5.632	101.23
5.642	101.13
5.652	100.84
5.662	100.32
5.672	99.49
5.682	98.56
5.692	97.58
5.702	97.71
5.712	98.02
5.722	97.96
5.732	97.66
5.742	97.59
5.752	97.46
5.762	97
5.772	96.68
5.782	96.6
5.792	96.53
5.802	96.11
5.812	95.7
5.822	95.6
5.832	95.46
5.842	95.38
5.852	95.24
5.862	94.82
5.872	94.28
5.882	93.72
5.892	93.72
5.902	93.87
5.912	93.83
5.922	93.53
5.932	93.01
5.942	92.93
5.952	93
5.962	93.09
5.972	93.18
5.982	93.4
5.992	93.83
6.002	94.19
6.012	94.24
6.022	93.96
6.032	93.26
6.042	92.71
6.052	92.45
6.062	87.65
6.072	88.42
6.082	92.02
6.092	92.31
6.102	92.06
6.132	93.14
6.142	93.19
6.152	93.87
6.162	94.04
6.172	95.17
6.562	125.6
6.572	122.41
6.582	122.12
6.592	125.52
6.602	125.95
6.612	126.59
6.622	126.97
6.632	127.4
6.642	127.8
6.652	127.82
6.662	127.22
6.672	127.21
6.682	128.8
6.692	129.26
6.702	123.25
6.712	122.88
6.722	119.36
6.732	116.65
6.742	114.26
6.752	112.88
6.762	110.95
6.772	109.05
6.782	107.63
6.792	106.49
6.802	105.65
6.812	104.65
6.822	104.06
6.832	106.17
6.842	106.97
6.852	106.13
6.862	102.48
6.872	101.33
7.092	115.95
7.102	116.15
7.112	110.67
7.122	107.64
7.132	102.81
7.142	100.94
7.152	99.2
7.162	97.22
7.172	95.61
7.182	94.7
7.192	94.13
7.202	93.85
7.212	93.95
7.222	93.89
7.232	94
7.242	94.21
7.252	93.84
7.262	93.87
7.272	94.35
7.282	94.77
7.292	94.48
7.302	94.08
7.312	94.11
7.322	93.94
7.332	93.93
7.342	94.09
7.352	94.03
7.362	93.78
7.372	93.64
7.382	93.77
7.392	94.2
7.402	94.36
7.412	94.2
7.422	96.08
7.432	100.34
7.442	100.91
7.452	101.44
7.462	102.35
7.472	102.81
7.482	102.7
7.492	105.57
7.502	105.74
7.512	105.63
7.522	105.37
7.532	105.17
7.542	105.29
7.552	105.78
7.562	103.29
7.572	107.58
7.582	110.95
7.592	110.2
7.602	109.36
7.612	108.2
7.622	106.68
7.632	103.98
7.642	103.35
7.652	107.13
7.662	108
7.672	106.27
7.682	106.35
7.782	83.53
7.792	83.89
7.802	84.24
7.812	84.32
7.822	84.51
7.832	85
7.842	86.19
7.852	87.45
7.862	88.22
7.872	90.98
7.882	90.88
7.892	87.81
7.902	87.65
7.912	89.08
7.922	95.08
7.932	95.66
7.942	98.45
7.952	98.39
7.962	98.42
7.972	88.58
7.982	88.51
7.992	95.34
8.002	94.41
8.012	90.42
8.022	86.08
8.032	82.52
8.042	70.89
8.052	65.43
8.062	65.77
8.072	72.99
8.132	81.55
8.142	82.08
8.152	82.22
8.182	94.08
8.192	93.1
8.202	91.12
8.212	94.4
8.222	95.14
8.232	94.16
8.242	83.94
8.252	83.43
8.262	83.65
8.272	84.4
8.282	86.45
8.292	89.74
8.302	89.64
8.312	82.66
8.322	82.7
9.182	60.32
9.192	59.95
9.262	93.83
9.272	93.31
9.282	91.79
9.292	89.25
9.302	87.64
9.312	89.08
9.322	91.54
9.332	90.86
9.342	90.14
9.352	89.27
9.362	88.13
9.372	88.02
9.382	88.19
9.392	88.28
9.402	88.89
9.412	92.1
9.422	92.97
9.432	93.71
9.442	86.54
9.452	86.39
9.462	85.19
9.472	85.39
9.482	90.53
9.492	89.45
9.502	89.02
9.522	137.03
9.532	133.59
9.542	132.46
9.552	134.81
9.562	138.95
9.572	142.99
9.582	148.29
9.592	153.77
9.602	156.55
9.612	158.43
9.622	160.57
9.632	161.56
9.642	161.1
9.652	158.41
9.662	153.95
9.672	149.58
9.682	143.05
9.692	138.34
9.702	133.86
9.712	130.63
9.742	114.04
9.752	112.24
9.762	110.29
9.862	112.8
9.872	111.18
9.882	106.01
9.892	104.07
9.902	103.49
9.992	103.87
10.002	103.69
10.012	104.26
10.022	104.81
10.032	105.18
10.042	104.72
10.052	104.43
10.062	104.86
10.072	106.3
10.082	110.35
10.092	111.45
10.102	111.41
10.112	110.71
10.122	109.84
10.132	109.02
10.142	108.14
10.152	107.81
10.162	111.06
10.172	112.58
10.222	113.54
10.232	112.58
10.242	110.79
10.252	105.96
10.262	102.66
10.272	100.72
10.322	95.89
10.332	95.68
10.342	95.75
10.352	95.83
10.362	96.39
10.372	96.24
10.382	95.84
10.392	95.87
10.402	95.88
10.412	96.08
10.422	96.21
10.432	95.85
10.442	94.99
10.452	94.06
10.462	92.87
10.472	92.14
10.482	91.73
10.492	90.81
10.502	90.54
10.512	92.17
10.542	82.25
10.552	81.91
10.562	81.08
10.572	81.47
10.582	89.59
10.592	90.04
10.602	80.62
10.612	79.7
10.622	79.32
10.632	78.53
10.642	63.29
10.652	64.81
10.662	74.33
10.672	75.4
10.682	75.26
10.692	73.07
10.702	66.21
10.712	66.27
10.722	71.92
10.732	74.56
10.742	74.67
10.752	70.46
10.762	68.28
10.772	66.87
10.782	75.34
10.792	76.24
10.802	81.94
10.812	84.63
10.822	86.68
10.832	89.4
10.842	90.64
10.852	89.22
10.862	86.2
10.872	86.18
10.882	87.38
10.892	88.81
10.902	90.92
10.912	91.94
10.922	88.75
10.932	85.56
10.942	85.53
10.952	88.15
10.962	90.04
10.972	88.28
10.982	84.24
10.992	84.07
11.002	84.74
11.012	88.17
11.092	68.33
11.102	69.22
11.112	74.22
11.122	76.29
11.182	89.83
11.192	87.62
11.202	86.51
11.212	87.47
11.222	88.81
11.232	89.47
11.242	89.25
11.252	88.7
11.262	88.08
11.272	86.43
11.282	85.08
11.292	85.39
11.322	82.34
11.332	82.17
11.342	82.22
11.452	92.57
11.462	93.25
11.472	95.4
11.482	92.3
11.492	82.46
11.502	82.47
11.512	83.18
11.522	85.72
11.612	79.03
11.622	78.47
11.632	74.17
11.642	70.63
11.652	69.34
11.662	69.3
11.672	70.26
11.682	73.32
11.692	77.99
11.702	76.47
11.712	75.64
11.832	67.49
11.842	69.1
11.852	69.83
11.862	69.5
11.872	69.26
11.882	69.47
11.892	67.89
11.902	67.29
11.912	67.53
11.922	67.73
11.932	67.79
11.942	67.22
11.952	66.47
11.962	66.29
11.972	67.28
11.982	67.66
11.992	66.57
12.002	68.39
12.012	69.27
12.022	69.12
12.032	66.54
12.042	68.45
12.052	70.16
12.062	72.79
12.072	75.88
12.082	78.12
12.092	77.95
12.102	78.27
12.112	84.22
12.162	77.76
12.172	82.01
12.182	83.69
12.192	83.64
12.202	83.46
12.212	86.11
12.222	85.95
12.232	85.49
12.242	85.35
12.252	84.63
12.262	85.96
12.272	87.64
12.282	86.22
12.712	64.64
12.722	64.21
13.512	95.61
13.522	95.82
13.532	95.48
13.542	94.48
13.552	92.74
13.562	91.36
13.572	90.78
13.582	89.85
13.592	87.78
13.602	90.81
13.612	90.92
13.622	90.85
13.632	90.92
13.642	92.2
13.652	89.33
13.662	89.22
13.672	88.9
13.682	85.22
13.692	85.62
14.962	90.41
14.972	91.57
14.982	93.09
14.992	93.01
15.002	93.33
15.012	93.57
15.022	94.15
15.032	93.99
15.042	93.86
15.052	94.53
15.062	95.27
15.072	95.91
15.082	96.26
15.092	92.02
15.102	91.9
15.112	91.8
15.122	93.58
15.132	93.55
15.142	85.5
15.152	85.54
15.162	82.67
15.172	83.18
15.182	77.87
15.192	77.45
15.222	79.84
15.232	76.29
15.242	76.21
15.392	80.35
15.402	80.05
15.412	80.24
15.422	82.61
15.432	82.63
15.442	81.47
15.452	81.49
15.462	81.36
15.472	87.37
15.482	87.33
15.492	87.14
15.502	88.17
15.582	96.45
15.592	96.7
15.602	84.82
15.612	85.94
15.622	85.02
15.632	83.83
15.642	82.85
15.652	83.35
15.662	87.88
15.672	87.49
15.682	83.67
15.692	84.24
15.742	63.98
15.752	66
15.812	112.3
15.822	112.47
15.832	122.85
15.842	129.03
15.852	130.99
15.862	132.53
15.872	133.03
15.882	135.05
15.892	135.45
15.902	136.11
15.912	139.25
15.922	137.82
15.932	135.37
15.942	134.81
15.952	133.5
15.962	130.38
15.972	132.19
15.982	137.63
15.992	113.61
16.002	112.97
16.012	105.26
16.022	104.3
16.032	99.68
16.042	99.08
16.052	97.39
16.062	97.24
16.072	97.58
16.082	97.53
16.092	97.02
16.102	95.93
16.112	94.32
16.122	93.41
16.132	93.3
16.142	93.92
16.152	94.37
16.162	95.76
16.172	96.7
16.182	96.46
16.192	95.55
16.202	94.54
16.212	95.47
16.222	95.66
16.232	94.12
16.242	83.41
16.252	83.78
16.262	83.99
16.272	88.07
16.282	88.66
16.292	90.09
16.302	94.88
16.312	93.47
16.322	92.43
16.332	92.44
16.342	92.14
16.532	86.97
16.542	85.86
16.552	86.03
16.562	85.89
16.572	84.41
16.582	82.73
16.592	82.69
16.602	81.57
16.612	82.63
16.622	83.7
16.632	84.55
16.642	82.69
16.652	84.54
16.662	84.4
16.672	84.39
16.682	84.51
16.692	83.54
16.702	83.38
17.182	69.49
17.192	69.39
17.202	67.78
17.212	68.67
17.222	69.49
17.232	69.4
17.242	69.8
17.252	70.21
17.262	70.52
17.272	71.2
17.282	71.21
17.292	73.16
17.302	79.18
17.312	67.92
17.322	66.96
17.332	67.03
17.342	68.52
18.452	93.02
18.462	93.54
18.472	93.36
18.482	92.47
18.492	91.61
18.502	91.41
18.512	91.49
18.522	92.66
18.532	92.2
18.542	91.93
18.552	91.84
18.562	91.86
18.572	91.36
18.582	87.84
18.592	87.84
18.602	87.57
18.612	87.37
18.622	85.52
18.632	82.89
18.642	85.98
18.652	85.92
18.662	82.92
18.672	83.22
18.682	83.38
18.692	83.82
18.702	83.89
18.712	85.37
18.722	85.52
18.732	85.81
18.742	83.11
18.752	83.37
18.762	83.26
19.092	92.15
19.102	92.25
19.112	91.96
19.722	88.94
19.732	90.01
19.742	91.9
19.752	94.23
19.762	95.4
19.772	95.41
19.782	92.65
19.792	91.86
19.842	81.99
19.852	81.96
19.862	84.22
19.872	83.11
19.882	83.06
19.892	83.36
19.902	84.61
19.912	84.65
19.922	85.69
