time	f0
0.095	120.16
0.105	120.69
0.115	118.16
0.145	121.85
0.365	146.96
0.375	148.24
0.385	147.72
0.395	126.77
0.405	125.89
0.415	125.84
0.425	126.13
0.435	124.82
0.445	121.95
0.455	112.85
0.465	113.4
0.475	111.4
0.485	108.51
0.495	109.04
0.505	110.85
0.515	112.22
0.525	110.23
0.535	112.45
0.545	111.74
0.555	108.57
0.565	108.16
0.575	111.05
0.585	112.04
0.595	113.22
0.605	109.43
0.615	108.42
0.625	108.63
0.635	108.38
0.645	107.83
0.655	104.95
0.665	102.96
0.755	117.37
0.765	115.02
0.775	112.75
0.785	115.1
0.795	115.5
0.805	113.64
0.815	113.92
0.825	113.86
0.835	113.48
0.845	111.32
0.855	111.76
0.865	109.69
0.875	107.91
0.885	109.65
0.895	107.48
0.905	104.37
0.915	103.59
1.035	124.48
1.045	121.07
1.055	118.57
1.065	116.69
1.075	117.27
1.085	119.85
1.095	120.49
1.105	120.65
1.115	121.12
1.125	120.8
1.135	120.58
1.145	120.84
1.155	120.63
1.165	121.15
1.175	122.16
1.185	121.99
1.195	122.06
1.205	121.27
1.215	120.18
1.225	118.8
1.235	117.65
1.245	117.05
1.255	115.36
1.265	114.49
1.275	112.54
1.285	111.4
1.295	111.54
1.305	115.01
1.315	115.19
1.325	114.39
1.335	115.55
1.345	115.32
1.355	120.63
1.365	119.86
1.375	117.78
1.385	114.32
1.685	113.74
1.695	122.29
1.705	122.19
1.715	122.04
1.725	123.42
1.735	114.27
1.745	116.68
1.755	121.31
1.765	119.3
1.775	121.12
1.785	116.66
1.795	121.54
1.805	126.9
1.815	119.46
1.825	119.57
2.025	126.14
2.035	104.98
2.045	105.92
2.055	108.26
2.065	123.93
2.075	123.37
2.085	113.09
2.095	115.06
2.165	123.52
2.175	114.55
2.185	113.53
2.195	112.73
2.205	112.34
2.215	111.52
2.225	110.94
2.235	109.01
2.245	111.16
2.255	110.35
2.265	107.9
2.275	104.86
2.285	103.79
2.295	103.46
2.305	105.26
2.315	107.95
2.325	102.73
2.335	100.64
2.345	101.18
2.355	103.4
2.365	101.42
2.375	103.48
2.385	100.66
2.395	100.27
2.405	101.59
2.415	101.16
2.425	101.12
2.455	101.38
2.465	110.35
2.475	108.16
2.485	102.48
2.495	105.75
2.505	107.5
2.515	108.47
2.525	108.93
2.535	106
2.545	99.15
2.555	95.48
2.765	121.52
2.775	126.01
2.785	130.4
2.795	132.42
2.805	131.82
2.815	131.61
2.825	133.1
2.835	131.84
2.845	126.82
2.855	120.68
2.865	114
2.875	111.52
2.885	114.41
2.895	113.15
2.905	113
2.915	112.42
2.925	111.49
2.935	112.49
2.945	111.75
2.955	108.89
2.965	111.23
2.975	112.89
2.985	113.42
2.995	112.52
3.005	110.42
3.015	109.41
3.025	108.25
3.035	106.5
3.045	105.71
3.055	106.39
3.065	105.9
3.075	104.86
3.085	106.99
3.095	110.07
3.105	110.97
3.115	109.15
3.125	109.44
3.135	108.87
3.145	105.51
3.155	104.84
3.165	108.28
3.175	110.6
3.185	110.27
3.195	112.4
3.205	114.93
3.215	114.51
3.225	114.71
3.235	115
3.245	114.92
3.255	114.7
3.265	116.68
3.275	116.99
3.285	116.05
3.295	115.43
3.305	117.21
3.315	118.01
3.325	117.66
3.335	116.88
3.345	116
3.355	115.29
3.365	114.43
3.375	113.71
3.385	111.97
3.395	111.08
3.405	111.94
3.415	112.62
3.425	112.59
3.435	111.39
3.445	112.61
3.455	112.91
3.465	112.12
3.475	112.29
3.485	112.58
3.495	112.51
3.505	111.9
3.515	111.62
3.525	110.91
3.535	110.32
3.545	109.5
3.555	108.46
3.565	108.09
3.575	107.81
3.585	108.42
3.595	108.26
3.605	108.08
3.615	108.07
3.625	107.46
3.635	107.01
3.645	106.92
3.655	106.49
3.665	105.11
3.675	104.45
3.685	105.29
3.695	105.45
3.705	106.08
3.715	106.16
3.725	103.75
3.805	104.01
3.815	103.59
3.825	102.95
3.835	102.43
3.845	102.5
3.855	103.55
3.865	103.05
3.875	102.25
3.885	101.81
3.895	101.37
3.905	101.45
3.915	102.19
3.925	98.12
3.935	99.62
3.945	99.14
3.955	97.16
3.965	97.55
3.975	98.51
3.985	98.44
3.995	91.02
4.005	96.58
4.015	104.86
4.025	104.74
4.035	96.79
4.175	104.77
4.185	103.42
4.195	106.31
4.205	103.49
4.215	102.79
4.305	119.72
4.315	102.3
4.325	106.59
4.335	104.53
4.345	106.7
4.355	101.1
4.365	105.19
4.375	106.99
4.385	104.03
4.395	101.47
4.495	110.65
4.505	108.22
4.675	122.1
4.685	119.93
4.695	120.45
4.765	114.51
4.775	112.7
4.905	120.92
4.915	120.92
4.925	118.02
4.935	118.09
4.985	125.02
4.995	122.63
5.075	118.91
5.085	119.33
5.095	121.07
5.285	160.7
5.295	155.48
5.305	152.94
5.315	149.36
5.325	142.66
5.335	142.92
5.345	142.69
5.355	123.6
5.365	107.85
5.375	109.61
5.385	108.74
5.395	107.54
5.405	106.71
5.415	105.68
5.425	104.02
5.435	103.17
5.445	102.72
5.455	100.85
5.465	99.87
5.475	100.65
5.485	100.52
5.495	100.54
5.505	101.76
5.515	103.41
5.525	103.65
5.535	103.75
5.545	104.35
5.555	103.93
5.565	103.83
5.575	104.25
5.585	105.05
5.595	103.02
5.605	104.62
5.675	104.26
5.685	105.93
5.695	122.81
5.705	123.94
5.715	114.27
5.725	113.74
5.735	112.78
5.745	112.62
5.755	122.84
5.765	118.37
5.775	120.52
5.785	122.15
5.795	129.03
5.805	113.05
5.815	113.12
5.825	111.61
5.895	118.08
5.905	118.34
5.915	121.32
5.925	121.26
5.935	121.43
5.945	119.05
6.055	122.95
6.065	122.1
6.075	118.6
6.175	124.45
6.185	118.08
6.195	118.94
6.205	124.57
6.215	123.25
6.225	120.39
6.285	116.85
6.295	116.83
6.305	116.39
6.315	122.12
6.325	122.26
6.335	122.99
6.345	122.15
6.355	122.68
6.365	123.76
6.375	122.87
6.385	123.26
6.395	120.53
6.405	119.14
6.455	116.43
6.465	116.66
6.675	107.44
6.685	108.26
6.695	107.64
6.705	104.57
6.715	105.2
6.725	106.17
6.735	105.46
6.745	104.98
6.755	106.04
6.765	106.86
6.775	107.56
6.785	108.15
6.795	108.71
6.805	109.41
6.815	109.84
6.825	109.57
6.835	109.09
6.845	108.44
6.855	110.81
6.865	113.38
6.875	113.51
6.885	113.3
6.895	113.87
6.905	116.96
6.915	117.55
6.925	115.58
6.935	114.72
6.945	113.5
6.955	116.36
6.965	117.04
6.975	116
6.985	114.39
6.995	114.33
7.005	118.7
7.015	112.47
7.025	112.21
7.035	111.29
7.045	114.14
7.055	116.36
7.065	120.99
7.075	122.82
7.085	123.44
7.095	122.79
7.105	120.35
7.115	116.01
7.125	108.4
7.135	112.61
7.145	112.22
7.155	112.25
7.165	112.21
7.175	111.73
7.185	110.93
7.195	111.53
7.205	112.07
7.215	112.11
7.225	112.26
7.235	112.64
7.245	113
7.255	113.42
7.265	112.57
7.275	112.35
7.285	111.95
7.295	109.76
7.305	109.89
7.315	109.29
7.325	108.46
7.335	109.35
7.345	110.12
7.355	110.41
7.365	110.75
7.375	110.44
7.385	108.23
7.395	108.88
7.405	109.58
7.415	108.97
7.425	109.03
7.435	109.2
7.445	109.76
7.455	109.65
7.465	110.82
7.475	111.39
7.485	110.54
7.495	111.11
7.505	111.73
7.515	111.44
7.525	111.56
7.535	109.05
7.545	109
7.675	112.1
7.685	109.91
7.695	103.64
7.705	102.17
7.715	103.22
7.725	105.24
7.735	103.69
7.745	101.84
7.755	104.79
7.765	104.94
7.775	107.56
7.825	107.25
7.835	109.24
7.845	107.39
7.855	107.07
7.865	107.26
7.875	107.02
7.885	107.37
7.895	107.61
7.905	107.84
7.915	107.83
7.925	107.64
7.935	107.54
7.945	109.34
7.985	109.34
7.995	110.2
8.005	114.84
8.015	117.2
8.025	101.84
8.035	108.87
8.045	100.81
8.055	99.61
8.065	106.18
8.075	107.51
8.085	107.96
8.095	108.58
8.105	109.24
8.115	110.87
8.125	111.74
8.135	111.46
8.145	111.92
8.155	111.3
8.165	114.05
8.175	111.74
8.185	111.32
8.195	111
8.205	113.24
8.215	106.78
8.225	117.64
8.405	94.94
8.415	96.2
8.425	94.75
8.435	95.82
8.445	101.94
8.455	104.21
8.465	109.1
8.475	100.98
8.485	100.91
8.495	105.04
8.505	108.01
8.515	108.02
8.525	110.01
8.535	115.71
8.715	112.03
8.725	112.57
8.735	104.93
8.745	106.29
8.755	106.47
8.865	95.62
8.875	95.54
8.885	96.83
8.895	95.69
8.905	95.41
8.915	96.59
8.925	99.98
8.935	97.74
8.945	97.8
8.955	92.64
8.965	101.12
8.975	95.67
8.985	95.96
8.995	95.58
9.005	95.41
9.015	100.56
9.025	105.92
9.745	127.53
9.755	121.62
9.765	109.76
9.775	119.05
9.785	136.91
9.795	108.17
9.805	106.25
9.815	105.8
9.975	96.26
9.985	97.88
9.995	95.54
10.005	95.11
10.015	102.48
10.025	105.99
10.155	102.67
10.165	104.56
10.175	102.88
10.185	103.02
10.365	139.61
10.375	129.3
10.385	108.29
10.395	112.34
10.405	113.11
10.415	114.12
10.425	111.98
10.435	113.03
10.445	112.41
10.455	112.52
