time	f0
0.025	120.33
0.035	120.38
0.045	116.27
0.055	117.81
0.065	125.03
0.075	118.69
0.085	118.89
0.095	118.57
0.105	118.49
0.115	117.98
0.125	120.72
0.135	125.94
0.145	117.64
0.155	113.64
0.165	116.89
0.175	124.52
0.185	124.92
0.195	121.37
0.205	117.49
0.215	120.03
0.225	120.58
0.235	121.03
0.245	112.78
0.265	246.63
0.275	235.6
0.285	230.36
0.295	229.59
0.305	230.47
0.315	230.97
0.325	231.45
0.335	232.18
0.345	230.47
0.355	229.68
0.365	230.04
0.375	231.46
0.385	230.68
0.395	230.46
0.405	230.3
0.415	229.98
0.425	229.56
0.435	229.26
0.445	228
0.455	224.52
0.465	221.31
0.475	227.51
0.485	225.3
0.495	223.38
0.505	225.28
0.515	224.93
0.525	222.11
0.535	225.49
0.545	226.22
0.555	225.03
0.565	223.07
0.575	222.89
0.585	223.17
0.595	223.66
0.605	223.22
0.615	224.58
0.625	226.64
0.635	228.34
0.645	230.4
0.655	230.68
0.665	229.92
0.675	231.25
0.685	232.42
0.695	231.42
0.705	230.67
0.715	230.57
0.725	229.96
0.735	229.34
0.745	228.9
0.755	229.64
0.765	229.02
0.775	228.27
0.785	228.05
0.795	228.51
0.805	229.68
0.815	230.7
0.825	231.55
0.835	232.37
0.845	233.16
0.855	233.73
0.865	234.44
0.875	236.46
0.885	238.04
0.895	239.29
0.905	239.5
0.915	237.97
0.925	236.49
0.935	236.19
0.945	236.44
0.955	236.53
0.965	236.78
0.975	236.33
0.985	235.43
0.995	234.13
1.005	232.71
1.015	230.01
1.025	228.87
1.035	228.66
1.045	227.25
1.055	228.56
1.075	111.96
1.085	108.69
1.095	106.27
1.105	103.37
1.115	104.24
1.195	243.93
1.205	236.66
1.215	230.37
1.225	226.99
1.235	226.99
1.245	226.77
1.255	225.9
1.265	225.75
1.275	226
1.285	226.09
1.295	225.72
1.305	224.26
1.315	222.93
1.325	220.69
1.335	217.12
1.345	213.83
1.355	212.05
1.365	209.79
1.375	210.1
1.395	68.87
1.405	68.87
1.415	68.18
1.545	113.4
1.555	113.46
1.565	116.04
1.575	116.46
1.585	120.02
1.595	121.07
1.605	119.51
1.615	118.33
1.625	119.63
1.635	118.89
1.645	116.37
1.655	121.82
1.665	126.96
1.675	124.76
1.685	115.46
1.695	117.73
1.705	117.65
1.715	122.08
1.725	121
1.735	123.28
1.745	124.42
1.755	121.22
1.765	121.08
1.775	122.71
1.785	127.47
1.795	120.05
1.805	116.8
1.815	117.82
1.845	109.3
1.855	109.3
1.865	106.68
1.875	105.81
1.885	105.28
1.895	104.9
1.905	103.97
1.915	103.73
1.925	106.43
1.935	106.2
1.955	203.39
1.965	200.51
1.975	201.27
1.985	200.99
1.995	199.89
2.005	197.94
2.015	194.06
2.025	192.52
2.035	196.31
2.045	200.4
2.055	198.29
2.065	190.31
2.125	133.98
2.135	133.55
2.145	131.72
2.155	130.34
2.165	127.77
2.175	126.67
2.185	122.65
2.195	125.15
2.495	116.95
2.505	113.02
2.515	118.06
2.555	233.71
2.565	224.79
2.575	221.2
2.585	220.64
2.595	220.49
2.605	218.96
2.615	216.72
2.625	213.04
2.635	209.38
2.645	208.8
2.655	208.33
2.665	206.41
2.675	204.44
2.685	204.49
2.695	204.09
2.705	203.37
2.715	203.48
2.725	204.75
2.735	205.57
2.745	205.43
2.755	205.34
2.765	204.89
2.775	204.79
2.785	204.35
2.795	202.97
2.805	202.01
2.815	200.27
2.825	197.68
2.835	196.21
2.845	194.95
2.855	194.71
2.865	194.15
2.875	193.14
2.885	190.05
2.895	188.33
3.025	198.59
3.035	203.88
3.045	211.47
3.055	213.49
3.065	215.79
3.075	221.14
3.085	225.69
3.095	228.59
3.105	225.99
3.115	217.39
3.125	214.56
3.135	215.24
3.275	210.59
3.285	204.11
3.295	199.82
3.305	197.76
3.315	192.71
3.325	195.43
3.335	198.63
3.355	67
3.365	67.69
3.435	94.31
3.445	94.22
3.455	94.33
3.465	94.41
3.475	93.61
3.485	91.86
3.495	168.76
3.505	162.13
3.515	163.67
3.525	164.71
3.535	168.96
3.545	175.51
3.555	175
3.565	166.59
3.575	165
3.685	129.96
3.695	123.19
3.705	114.74
3.715	116.59
3.725	119.19
3.735	119.49
3.745	116.21
3.925	217.4
3.935	211.14
3.945	210.08
3.955	209.83
3.965	209.62
3.975	209.69
3.985	208.86
3.995	206.84
4.005	208.19
4.015	209.57
4.025	209.66
4.035	209.95
4.045	209.47
4.055	209.48
4.085	207.62
4.095	203.55
4.105	200.91
4.115	198.25
4.125	196.66
4.135	194.44
4.145	191.2
4.155	194
4.165	194.79
4.175	191.33
4.185	187.44
4.195	186.74
4.205	185.42
4.215	93.47
4.225	91.28
4.235	90.5
4.245	91.74
4.255	91.59
4.265	85.93
4.275	93.56
4.285	91.27
4.295	87.23
4.305	87.07
4.315	87.87
4.325	88.94
4.335	89.63
4.345	88.58
4.355	89.05
4.365	88.13
4.375	87.73
4.385	88.61
4.395	178.99
4.405	180.35
4.415	181.78
4.425	183.16
4.435	184.66
4.445	185.29
4.455	185.07
4.465	185.35
4.475	185.98
4.485	186.23
4.495	187.57
4.505	189.03
4.515	190.16
4.525	193.92
4.535	190
4.545	189.04
4.555	187.32
4.565	186.98
4.635	230.08
4.645	221.7
4.655	218.79
4.665	215.93
4.675	213.34
4.685	209.8
4.695	204.31
4.705	199.04
4.715	196.22
4.725	193.1
4.735	195
4.745	194.65
4.755	191.14
4.765	189.99
4.775	192.13
4.785	194.25
4.795	187.28
4.805	182.29
4.815	182.36
4.825	183.47
4.835	183.91
4.845	186.84
4.855	188.07
4.865	190.52
4.875	193.81
4.885	196.82
4.895	198.4
4.905	196.33
4.915	193.9
5.085	96.87
5.095	100.5
5.105	100.43
5.115	98.84
5.125	97.44
5.135	96.16
5.145	98.03
5.155	98.11
5.165	97.8
5.175	98.26
5.185	96.45
5.195	94.62
5.205	95.01
5.215	94.96
5.225	93.71
5.235	92.77
5.245	93.12
5.255	93.72
5.265	92.59
5.275	92.32
5.285	91.91
5.295	91.38
5.305	91.01
5.315	90.53
5.325	89.66
5.335	88.88
5.345	174
5.355	174.72
5.365	175.79
5.375	176.83
5.385	177.28
5.395	180.56
5.405	181.96
5.415	185.81
5.425	193.35
5.435	191.95
5.445	193.58
5.455	197.23
5.465	198.59
5.475	198.42
5.485	197.96
5.495	199.58
5.505	198.8
5.515	199.8
5.525	198.58
5.535	199.47
5.545	200.64
5.555	201.55
5.565	204.09
5.575	204.9
5.585	205.46
5.595	206.14
5.605	206.15
5.615	204.69
5.625	204.3
5.635	207.62
5.645	206.4
5.655	206.99
5.665	208.22
5.675	207.83
5.685	206.25
5.795	114.1
5.805	119.64
5.815	119.71
5.825	120.55
5.835	120.1
5.845	119.83
5.855	120.83
5.865	123.64
5.915	194.63
5.925	197.26
5.935	195.68
5.945	193.05
5.955	190.42
5.965	185.28
5.975	182.07
5.985	179.17
5.995	178.57
6.005	88.37
6.015	88.13
6.025	87.71
6.035	87.34
6.045	87.52
6.055	87.94
6.065	88.08
6.075	88.52
6.085	90.04
6.095	91.24
6.105	91.74
6.115	93.92
6.125	95.9
6.135	94.75
6.285	208.01
6.295	205.13
6.305	201.88
6.315	191.94
6.325	91.22
6.335	92.95
6.345	91.47
6.355	88.65
6.365	88.91
6.375	88.03
6.385	88.3
6.395	90.1
6.405	90.17
6.415	90.25
6.425	89.27
6.435	88.15
6.445	88.14
6.455	89.01
6.465	87.79
6.475	88.39
6.485	90.09
6.495	90.17
6.505	90.49
6.515	92.2
6.525	93.85
6.535	94.43
6.545	93.49
6.555	92.07
6.565	92.24
6.575	80.91
6.585	89.07
6.595	88.43
6.605	88.33
6.615	91.98
6.625	89.09
6.635	89.48
6.705	98.14
6.715	99
6.725	100.32
6.735	100.07
6.745	97.03
6.755	96.31
6.765	95.79
6.775	94.75
6.785	91.89
6.795	95.37
6.805	94.83
6.885	204.16
6.895	196.96
6.905	193.35
6.915	187.57
6.925	185.73
6.935	188.23
6.945	189.92
6.955	188.58
6.965	184.4
6.975	183.76
6.985	184.08
6.995	182.58
7.005	175.86
7.015	179.73
7.025	91.96
7.035	92.69
7.045	92.78
7.055	92.79
7.065	92.27
7.075	94.26
7.085	93.76
7.095	92.39
7.105	91.71
7.115	93.26
7.125	95.45
7.135	95.04
7.145	94.57
7.155	94.7
7.165	94.44
7.175	94.25
7.185	93.6
7.195	91.58
7.205	90.91
7.215	94.48
7.295	167.19
7.305	169.44
7.315	175.84
7.325	169.77
7.335	163.88
7.395	123.87
7.405	123.4
7.415	119.19
7.455	133.18
7.465	136.99
7.475	137.15
7.485	132.57
7.495	132.33
7.505	133.93
7.515	133.59
7.525	128.23
7.535	128.43
7.545	130.7
7.555	133.25
7.565	129.48
7.575	122.87
7.585	121.45
7.615	122.08
7.625	122.63
7.635	122.33
7.645	123.96
7.655	121.41
7.665	118.48
7.675	118.61
