time	f0
0.09	120.7
0.1	120.17
0.11	116.43
0.12	117.59
0.13	117.9
0.14	118.51
0.15	118.5
0.16	117.94
0.17	117.6
0.18	116.7
0.19	116.08
0.2	115.45
0.21	119.31
0.22	120.18
0.23	118.97
0.24	119.72
0.25	119
0.26	119.4
0.27	119.1
0.28	119.12
0.29	118.98
0.3	118.89
0.31	119.3
0.32	119.07
0.33	119.42
0.34	119.26
0.35	119.33
0.36	119.78
0.37	119.13
0.38	119.1
0.39	119.27
0.4	119.07
0.41	122.98
0.42	123.45
0.43	123.68
0.44	125.39
0.45	124.85
0.46	125.43
0.47	124.48
0.48	126.23
0.49	125.73
0.5	125.91
0.51	127.13
0.52	126.74
0.53	126.31
0.54	126.6
0.55	126.65
0.56	126.01
0.57	124.44
0.58	122.4
0.59	124.42
0.6	123.95
0.61	123.31
0.62	123.11
0.63	122.67
0.64	122.13
0.65	120.68
0.66	120.73
0.67	119.41
0.68	118.88
0.69	120.44
0.7	120.88
0.71	123.03
0.8	124.65
0.81	122.59
0.82	122.02
0.83	121.84
0.84	121.15
0.85	119.71
0.86	120.3
0.87	120.31
0.88	121.01
0.89	120.94
0.9	120.5
0.91	121.04
0.92	121.5
0.93	121.32
0.94	121.67
0.95	122.18
0.96	121.82
0.97	121.48
0.98	121.63
0.99	122.56
1	122.11
1.01	121.02
1.02	122.12
1.12	132.47
1.13	130.83
1.14	132.06
1.15	132.21
1.16	131.94
1.17	128.95
1.18	127.95
1.19	125.71
1.2	124.18
1.21	123.76
1.22	124.65
1.23	133.51
1.32	139.2
1.33	132.34
1.34	126.67
1.35	120.36
1.36	115.75
1.37	120.26
1.38	118.8
1.39	119
1.4	117.08
1.41	114.79
1.42	118.69
1.43	116.63
1.44	114.68
1.45	114.47
1.46	117.44
1.47	114.48
1.48	113
1.49	117.13
1.5	115.31
1.51	115.7
1.52	111.75
1.53	114.45
1.54	117.55
1.55	112.28
1.56	113.18
1.57	114.35
1.58	115.85
1.59	111.28
1.6	115.21
1.61	112.77
1.62	113.2
1.63	112.69
1.64	106.67
1.65	113.27
1.66	117.2
1.67	120.38
1.74	116.7
1.75	127.86
1.76	132.84
1.77	126.79
1.78	125.53
1.79	125.28
1.8	125.47
1.81	126.26
1.82	126.91
1.83	127.8
1.84	127.16
1.85	128.31
1.86	130.95
1.87	133.25
1.88	133.27
1.89	134.11
1.9	135.65
1.91	134.47
1.92	134.41
1.93	134.9
1.94	135.61
1.95	133.02
1.96	133.54
1.97	135.73
1.98	138.16
1.99	138.3
2	137.96
2.01	136.8
2.02	135.51
2.03	134.45
2.04	133.31
2.05	133.31
2.06	132
2.07	131.35
2.08	126.85
2.09	127.14
2.1	130.28
2.11	131.73
2.12	132.79
2.13	134.53
2.14	134.93
2.15	134.53
2.16	133.37
2.17	131.97
2.18	130.59
2.19	129.63
2.2	129.85
2.21	128.49
2.22	125.3
2.23	124.68
2.24	129.06
2.25	128.52
2.26	129.41
2.27	124.23
2.32	126.52
2.33	124.33
2.34	121.85
2.35	121.54
2.36	121.37
2.37	120.68
2.38	119.48
2.39	118.14
2.4	117.91
2.41	117.85
2.42	118.01
2.56	115.32
2.57	118.53
2.58	118.94
2.59	120.06
2.6	120.53
2.61	122.24
2.62	123.29
2.63	126.49
2.64	128.99
2.65	127.72
2.66	130.02
2.67	131.82
2.68	134.11
2.69	134.65
2.7	134.48
2.71	134.55
2.72	136.7
2.73	138.1
2.74	138.05
2.75	135.02
2.76	137.22
2.77	135.03
2.78	140.65
2.8	130.49
2.81	131.63
2.82	132.32
2.83	132.64
2.84	132.22
2.85	128.19
2.86	128.46
2.87	126.95
2.88	126.06
2.89	125.46
2.9	125.29
2.91	124.89
2.92	124.61
2.93	123.02
2.94	122.41
2.95	122.7
2.96	121.73
2.97	120.82
2.98	120.47
2.99	119.68
3	118.53
3.01	117.84
3.02	117.16
3.03	116.51
3.04	116.89
3.05	117.4
3.06	117.64
3.07	117.67
3.08	117.95
3.09	118.01
3.1	118.57
3.11	119.94
3.12	116.63
3.13	114.21
3.14	114.16
3.15	125.64
3.16	137.21
3.17	130.84
3.18	129.44
3.19	127.13
3.2	124.18
3.21	121.99
3.22	123.02
3.23	122.25
3.24	122.25
3.25	121.29
3.26	120.98
3.27	120.72
3.28	120.9
3.29	120.5
3.3	121.02
3.31	121.42
3.32	122.99
3.33	125.45
3.34	129.13
3.35	132.76
3.36	133.79
3.37	132.94
3.38	140.3
3.39	142.86
4.26	117.56
4.27	117.78
4.28	117.78
4.73	140.04
4.74	125.64
4.75	123.3
4.76	121.8
4.77	125.94
4.78	123.61
4.79	121.5
4.8	119.99
4.81	119.16
4.82	118.52
4.83	116.07
4.84	114.27
4.85	113.21
4.86	111.1
4.98	110.62
4.99	112.04
5	111.88
5.01	110.14
5.02	103.81
6.79	137.58
6.8	137.92
6.81	133.03
6.82	132.47
6.83	129.68
6.84	128.85
6.85	127.57
6.86	125.8
6.87	123.64
6.88	122.2
6.89	121.04
6.9	120.42
6.91	119.39
6.92	118.4
6.93	117.16
6.94	116.83
6.95	116.55
6.96	116.32
6.97	116.48
6.98	116.1
6.99	116.1
7	115.68
7.01	115.27
7.02	115.18
7.03	115.74
7.04	115.51
7.05	115.84
7.06	115.55
7.07	115.75
7.08	115.58
7.09	113.98
7.1	115.22
7.11	114.02
7.12	114.34
7.13	115.14
7.14	114.11
7.15	114.58
7.16	113.53
7.17	115.49
7.18	115.47
7.19	115.95
7.2	114.98
7.21	115.08
7.22	116.78
7.23	112.68
7.24	114.44
7.25	114.47
7.26	114.18
7.27	113.87
7.28	114.7
7.29	115.74
7.3	114.48
7.31	115.61
7.32	114.28
7.33	113.63
7.34	115.81
7.35	115.49
7.36	114.19
7.37	115.05
7.38	115.37
7.39	114.69
7.4	112.55
7.41	113.7
7.42	116.38
8.76	127.6
10.16	113.61
10.17	113.07
10.18	118.58
10.19	118.61
10.2	119.04
10.21	121.37
10.22	119.62
10.23	120.44
10.24	119.15
10.25	117.85
10.26	120.98
10.27	120.74
10.28	116.8
10.31	119.33
10.32	115.17
10.33	118.24
10.34	129.48
10.35	120.86
10.36	116.95
10.37	118.33
10.38	120.07
10.39	120.85
10.4	119.98
10.41	119.48
10.42	118.98
10.43	117.51
10.44	115.76
10.45	114.55
10.46	114.9
10.47	114.1
10.48	112.99
10.49	112.43
10.5	113.15
10.51	113.8
10.52	112.49
10.53	112.94
11.55	120.49
11.56	121.08
11.57	120.59
11.58	118.56
11.59	117.87
11.6	120.27
11.61	119.91
11.62	121.83
11.63	122.33
11.64	124.89
11.65	121.28
11.66	123.45
11.67	123.59
11.68	123.62
11.69	124.95
11.8	117.67
11.81	113.66
11.82	115.17
11.83	113.11
11.84	114.42
11.85	114.85
11.86	111.91
11.87	114.16
11.88	115.12
11.89	115.89
11.9	120.44
11.91	120.27
11.92	123.52
11.93	126.47
11.94	126.17
11.95	125.9
11.96	126.54
11.97	125.84
11.98	125.43
11.99	125.12
12	123.78
12.01	124.15
12.02	123.18
12.03	122.04
12.04	121.4
12.05	120.78
12.06	118.88
12.07	115.83
12.08	115.82
12.09	118.39
12.1	116.97
12.11	116.48
12.12	115.37
12.13	115.34
12.14	114.06
12.15	113.95
12.16	115.71
12.17	116.88
12.18	114.29
12.19	114.89
12.2	113.26
12.21	111.56
12.22	114.25
12.23	114.12
12.24	114.39
12.25	116.38
12.26	117.24
12.27	116.47
12.28	117.84
12.29	118.66
12.3	117.99
12.31	117.37
12.32	115.38
12.33	115.4
12.34	114.31
12.53	140.03
12.54	130.25
12.55	125.97
12.56	125.28
12.57	127.74
12.58	128.86
12.59	128.57
12.6	126.56
12.61	126.33
12.62	124.14
12.63	122.23
12.64	122.18
12.65	120.17
12.66	121.59
12.67	119.82
12.68	118.21
12.69	119.88
12.7	119.84
12.71	120.63
12.72	121.07
12.73	120.62
14.75	91.46
14.76	94.33
14.77	97.92
14.78	103.22
14.79	110.69
14.8	109.24
14.81	106.94
14.82	105.55
14.83	105.63
14.84	108.53
14.85	109.23
14.86	108.96
14.87	95.77
14.88	97.13
14.89	98.16
14.9	97.69
14.91	100.25
14.92	98.73
14.93	102.34
14.94	102.53
14.95	106.64
14.96	106.09
14.97	103.6
14.98	105.4
14.99	103.95
15	102.89
15.01	106.65
15.02	104.88
15.03	112.75
15.04	106.72
15.05	106.74
15.06	106.18
15.07	104.78
15.08	103.63
15.09	98.62
15.1	101.86
15.11	96.56
15.12	98.9
15.13	98.9
15.14	97.49
15.15	94.48
15.16	93.14
15.17	91.59
16.05	153.07
16.06	130.06
16.07	130
16.08	132.63
16.09	130.3
16.1	129.46
16.11	126.61
16.12	125.82
16.13	124.72
16.14	123.18
16.15	120.64
16.16	119.67
16.17	118.49
16.18	113.95
16.19	113.28
16.2	109.44
16.21	108.9
16.22	107.79
16.23	108.37
16.24	109.05
16.25	114.99
16.26	111.16
16.27	111.67
16.35	129.89
16.36	130.51
16.37	115.1
16.38	106.9
16.39	109.78
16.4	111.53
16.41	107
16.42	111
16.43	111.5
16.44	108.2
16.45	109.9
16.46	110.27
16.47	111.15
16.48	111.95
16.49	111.75
16.5	111.29
16.51	111.67
16.52	111.15
16.53	110.13
16.54	105.87
16.55	98.01
16.56	108.55
16.57	98.04
16.58	110.49
