time	f0
0.496	116.43
0.506	117.91
0.516	115.7
0.526	115.21
0.536	112.63
0.546	110.75
0.556	111.69
0.566	109.63
0.576	108.02
0.586	107.35
0.596	106.86
0.606	104.86
0.616	103.17
0.626	102.71
0.636	102.59
0.646	102.48
0.656	102.61
0.666	102.47
0.676	100.73
0.686	100.2
0.696	100.33
0.706	101.12
0.716	101.84
0.726	102.46
0.736	103.72
0.746	104.25
0.756	103.82
0.766	102.53
0.776	100.58
0.786	100.24
0.796	100.58
0.806	101.03
0.816	100.14
0.826	100.59
0.836	100.43
0.846	99.24
0.856	98.42
0.866	97.29
0.876	94.76
0.886	87.64
0.896	107.87
0.906	107.05
0.916	106.93
0.926	107.18
0.936	107.01
0.946	106.69
0.956	106.19
0.966	105.9
0.976	105.57
0.986	104.93
0.996	104.45
1.006	103.63
1.016	103.05
1.026	102.89
1.036	102.62
1.046	102.06
1.056	100.02
1.066	98.64
1.076	98.58
1.086	98.02
1.096	97.93
1.106	98.1
1.116	96.99
1.126	96.08
1.136	92.3
1.146	87.67
1.156	87.53
1.166	88.47
1.176	85.59
1.186	85.3
1.196	84.86
1.206	84.3
1.216	84.5
1.226	84.36
1.236	84.73
1.246	86.35
1.256	86.62
1.266	86.8
1.276	86.58
1.286	85.5
1.296	85.18
1.306	85.41
1.316	84.84
1.326	84.24
1.336	85.1
1.346	84.58
1.356	83.24
1.366	102.47
1.376	103.29
1.386	104.85
1.396	105.84
1.406	106.55
1.416	108.09
1.426	110.11
1.436	110.72
1.446	112.98
1.456	118.13
1.466	119.63
1.476	121.14
1.486	122
1.496	121.46
1.506	120.06
1.516	118.98
1.526	117.78
1.536	116.27
1.546	116.26
1.556	116.44
1.566	116.16
1.576	118.4
1.586	117.29
1.596	116.84
1.606	116.17
1.616	115.29
1.626	114.58
1.636	116.99
1.646	114.72
1.656	114.69
1.666	115.78
1.676	117.28
1.686	116.35
1.696	115.58
1.706	113.63
1.716	113.47
1.726	115.96
1.736	125.96
1.746	129.49
1.756	127.54
1.766	124
1.776	121.25
1.786	118.79
1.796	117.4
1.806	115.09
1.816	113.15
1.826	113.81
2.036	107.57
2.046	106.9
2.056	106.82
2.066	107.2
2.076	107.1
2.086	107.09
2.096	106.55
2.106	106.96
2.116	107.15
2.126	107.59
2.136	106.27
2.146	106.49
2.156	108.18
2.166	108.15
2.176	106.33
2.186	104.72
2.226	122.67
2.236	120.68
2.296	105.4
2.306	103.3
2.316	102.78
2.326	100.34
2.336	99
2.456	94.32
2.466	93.5
2.476	92.43
2.486	92.04
2.496	91.98
2.506	91.38
2.516	90.92
2.526	90.56
2.536	91.76
2.546	96.19
2.596	94.86
2.606	94.6
2.616	94.29
2.626	93.78
2.636	94.01
2.646	102.91
2.656	107.04
2.666	106.54
2.676	107.05
2.686	107.64
2.696	107.6
2.706	107.25
2.716	107.8
2.726	109.73
2.736	111.23
2.746	112.47
2.756	112.9
2.766	112.45
2.776	111.78
2.786	113.51
2.796	116.54
2.806	117.09
2.816	115.8
2.826	114.44
2.836	111.47
2.846	106.7
2.856	101.41
2.866	99.57
2.876	97.19
2.886	95.17
2.896	96.57
2.936	96.29
2.946	98.17
2.956	97.96
2.966	97.52
2.976	95.03
2.986	95.57
2.996	96.63
3.006	97.17
3.016	98.3
3.026	99.6
3.036	99.68
3.046	99.77
3.056	99.04
3.066	98.37
3.076	98.62
3.086	99.18
3.096	98.5
3.106	93.6
3.116	94.12
3.126	95.76
3.136	94.95
3.196	95.59
3.206	95.98
3.216	95.22
3.226	94.15
3.236	93.79
3.246	82.6
3.256	80.72
3.266	80.35
3.276	69.9
3.286	69.55
3.296	85.39
3.306	86.52
3.316	85.79
3.326	85.51
3.336	84.32
3.346	83.44
3.356	83.69
3.366	82.53
3.456	96.09
3.466	97.96
3.476	98.85
3.486	99.65
3.496	100.52
3.506	101.76
3.516	103.13
3.526	103.98
3.536	104.25
3.546	104.19
3.556	104.71
3.566	105.25
3.576	105.88
3.586	106.36
3.596	107.09
3.606	107.72
3.616	108.6
3.626	109.99
3.636	111.66
3.646	112.69
3.656	113.65
3.666	115.94
3.676	117.21
3.686	117.57
3.696	116.33
3.706	115.5
3.716	115.17
3.726	115.06
3.736	115.23
3.746	115.05
3.756	114.92
3.766	115.22
3.776	116.32
3.786	116.39
3.796	116.59
3.806	116.27
4.096	98.01
4.106	97.72
4.116	96.77
4.126	95.98
4.136	95.78
4.146	95.06
4.156	94.19
4.166	93.56
4.176	92.69
4.186	91.64
4.196	91.19
4.236	84.83
4.246	84.8
4.256	83.19
4.266	82.57
4.276	82.86
4.286	82.9
4.296	79.85
4.306	82.29
4.316	82.5
4.666	71.01
4.676	68.63
4.686	66.85
4.696	66.89
4.706	68.77
4.766	80.89
4.776	84.76
4.786	85.05
4.796	81.53
4.806	80.92
4.816	79.79
4.976	65.91
4.986	65.75
4.996	65.91
5.006	65.91
5.016	65.76
5.066	86.5
5.076	86.59
5.086	85.8
5.096	83.93
5.246	85.45
5.256	89.07
5.266	89.59
5.276	89.58
5.286	90.09
5.296	88.46
5.326	95.48
5.336	99.82
5.346	102.69
5.356	104.42
5.366	103.45
5.376	105.64
5.386	105.78
5.396	106.01
5.406	106.1
5.416	106.4
5.426	106.73
5.436	106.39
5.446	106.1
5.456	105.61
5.466	104.62
5.476	104.33
5.486	103.88
5.496	103.39
5.506	102.31
5.516	102.07
5.526	102.17
5.536	98.39
5.546	96.63
5.556	95.68
5.566	94.73
5.576	92.43
5.586	90.14
5.596	92.31
5.606	93.12
5.616	91.79
5.626	91.15
5.636	88.98
5.646	88.19
5.656	87.59
5.666	88.32
5.676	88.51
5.686	87.46
5.696	87.5
5.706	84.95
5.716	85.72
5.826	115.2
5.836	113.92
5.846	116.23
5.856	117.48
5.866	117.82
5.876	116.69
5.886	114.57
5.896	114.33
5.906	115.34
5.916	115.41
5.926	115.89
5.936	116.72
5.946	117.36
5.956	117.99
5.966	118.46
5.976	118.85
5.986	119.41
5.996	120.71
6.006	122.03
6.016	122.12
6.026	121.2
6.036	119.71
6.046	118.96
6.056	118.6
6.066	117.59
6.076	116.23
6.086	116.51
6.096	116.66
6.106	116.89
6.116	115.78
6.126	115.47
6.136	116.3
6.146	116.97
6.156	118.02
6.166	117.91
6.176	119.57
6.226	96.88
6.236	97.15
6.246	97.32
6.256	92.93
6.266	88.91
6.276	89.31
6.286	89.76
6.296	85.47
6.306	85.12
6.316	87.12
6.326	87.41
6.336	85.58
6.346	85.59
6.516	102.98
6.526	104.05
6.536	105.94
6.546	108.24
6.556	109.02
6.566	108.85
6.576	108.25
6.586	108.52
6.596	109.14
6.606	111.5
6.616	120.11
6.626	120.48
6.636	121.32
6.646	120.35
6.656	114.79
6.666	112.15
6.676	115.66
6.686	119.87
6.696	112.17
6.706	111.46
6.716	110.63
6.726	118.44
6.736	120.71
6.746	113.07
6.756	109.75
6.766	112.35
6.776	115
6.786	119.75
6.796	117.73
6.806	113.49
6.846	116.21
6.856	116.09
7.076	66.27
7.086	66.34
7.156	66.32
7.166	66.4
7.176	66.57
7.186	68.14
7.536	96.04
7.546	95.87
7.556	95.8
7.566	96.45
7.576	94.16
7.586	91.68
7.596	91.35
7.606	91.08
7.616	90.86
7.626	90.56
7.636	90.33
7.646	89.76
7.656	87.44
7.666	88.91
7.676	90.28
7.686	92.09
7.696	92.95
7.706	92.29
7.716	91.14
7.726	90.89
7.736	90.85
7.746	90.34
7.756	88.47
7.766	87.86
7.776	88.67
7.786	90.39
7.836	107.1
7.846	107.12
7.856	107.31
7.866	107.51
7.876	106.95
7.886	106.35
7.896	104.67
8.086	69.05
8.096	68.45
8.106	67.61
8.116	68.23
8.126	68.84
8.186	66.38
8.196	68.35
8.206	68.9
8.216	68.8
8.226	68.29
9.086	93.73
9.096	93.75
9.106	82.18
9.116	83.17
9.126	86.11
9.136	88.74
9.146	90.97
9.156	97.79
9.166	96.99
9.176	96.7
9.186	96.55
9.196	96.61
9.206	96.77
9.216	96.83
9.226	93.13
9.236	92.82
9.246	98.29
9.256	96.72
9.266	95.28
9.276	93.77
9.286	91.85
9.296	89.97
9.306	88.45
9.316	86.38
9.326	85.13
9.336	85.31
9.346	86.42
9.356	86.72
9.366	87.12
9.376	87.72
9.386	87.47
9.396	88.24
9.406	88.85
9.416	88.43
9.426	87.56
9.436	87.46
9.446	88
9.496	86.07
9.506	85.46
9.516	85.37
9.526	85.43
9.536	85.9
9.546	86.26
9.556	87.6
9.566	87.95
9.576	88.34
9.586	88.63
9.596	87.86
9.606	86.44
9.616	85.4
9.626	84.64
9.636	83.77
9.646	85.07
9.656	85.66
9.696	105.65
9.706	106.82
9.716	107.52
9.726	107.79
9.736	107.97
9.746	107.64
9.756	107.09
9.766	106.32
9.856	69.06
9.866	68.92
9.876	69.04
9.886	71.5
9.896	86.08
9.906	87.18
9.916	88.41
9.926	89.26
9.936	87.93
9.946	87.49
9.956	87.84
9.996	97.04
10.006	99.45
10.016	100.04
10.026	98.75
10.036	95.46
10.046	93.9
10.056	93.34
10.066	93.15
10.076	92.84
10.086	94.89
10.256	112.86
10.266	109.04
10.276	106.47
10.286	104.67
10.296	105.32
10.306	108.19
10.316	109.38
10.326	110.5
10.336	112.63
10.346	115.07
10.356	113.62
10.366	112.35
10.376	111.72
10.386	111.68
10.396	119.57
10.406	114.57
10.416	112.59
10.426	108.3
10.436	106.84
10.446	109.88
10.456	113.62
10.466	109.53
10.476	108.02
10.486	107.47
10.496	108.99
10.506	112.05
10.516	109.83
10.526	117.72
10.536	119.91
10.546	98.01
10.556	96.92
10.566	96.69
10.576	96.23
10.586	97.47
10.596	97.3
10.606	95.07
10.616	95.87
10.626	96.27
10.636	95.5
10.646	98.78
10.656	100.92
10.666	102.15
10.676	103.35
10.686	103.38
10.696	103.83
10.706	104.02
10.716	103.42
10.726	102.96
10.736	102.4
10.746	101.9
10.756	101.14
10.766	97.76
10.776	96.67
10.786	95.11
10.796	93.98
10.806	92.4
10.816	91.99
10.826	92.48
10.836	91.59
10.846	92.14
10.856	92.89
10.866	91.31
10.876	91.12
10.886	91.76
10.896	90.91
10.906	87.89
10.916	85.35
10.926	85.28
10.936	86.09
10.946	86.72
10.956	86.59
10.966	86.58
10.976	87.36
10.986	86.86
10.996	84.55
11.006	84.26
11.016	86.72
11.026	86.73
11.036	86.69
11.046	85.16
11.056	83.73
11.066	82.63
11.096	91.48
11.106	93.24
11.116	93.82
11.126	93.65
11.136	92.69
11.146	90.01
11.156	92.91
11.166	93.94
11.176	93.58
11.186	93.56
11.196	93.56
11.206	93.37
11.216	93.69
11.226	94.44
11.236	94.55
11.246	92.98
11.256	92.99
11.266	93.36
11.276	94.76
11.306	94.58
11.316	91.5
11.326	91.69
11.336	88.18
11.346	87.78
11.356	88.39
11.366	88.96
11.376	88.59
11.386	88.42
11.396	88.91
11.406	90.21
11.416	90.5
11.426	93.02
11.436	92.93
11.446	93.91
11.456	97
11.466	99.05
11.476	100.77
11.486	102.16
11.496	103.46
11.506	105.53
11.516	102.72
11.526	99.85
11.536	99.94
11.546	100.38
11.556	103.86
11.566	106.07
11.576	104.84
11.586	103.33
11.596	104.32
11.606	104.97
11.616	103.63
11.626	103.51
11.676	101.26
11.686	102.66
11.696	103.18
11.706	102.54
11.716	101.29
11.726	100.81
11.736	99.05
11.746	98.73
11.756	98.49
11.766	96.14
11.956	92.7
11.966	92.16
11.976	92.07
11.986	91.84
11.996	91.58
12.006	91.92
12.016	92.08
12.026	79.53
12.036	79.65
12.046	89.75
12.056	89.65
12.066	91.9
12.076	92.38
12.086	91.14
12.096	89.26
12.106	86.84
12.116	85.9
12.126	85.78
12.136	86.23
12.146	87
12.156	84.15
12.216	92.73
12.226	91.78
12.236	90.91
12.246	91.07
12.256	92.02
12.266	92.44
12.276	92.54
12.286	93.2
12.296	93.74
12.306	94.38
12.316	95.29
12.326	96.51
12.336	97.89
12.346	97.78
12.356	97.42
12.366	98.02
12.376	99.07
12.386	99.67
12.396	100.49
12.406	101.07
12.416	104.02
12.426	106.62
12.436	105.57
12.446	109.4
12.456	110.74
12.466	111.81
12.476	112.41
12.486	113.04
12.496	111.91
12.506	110.73
12.516	106.84
12.526	106.3
12.536	109.14
12.546	109.73
12.556	109.85
12.566	112.48
12.576	112.86
12.586	112.36
12.596	110.47
12.606	111.65
12.616	115.1
13.176	96.65
13.186	94.11
13.196	87.26
13.206	95.02
13.216	98.87
13.226	85.94
13.236	83.99
13.246	96.21
13.256	95.99
13.266	96.06
13.316	91.84
13.326	91.51
13.336	90.87
13.346	89.28
13.356	88.52
13.476	106.72
13.486	111.42
13.496	115.2
13.506	118.11
13.516	118.92
13.526	121.76
13.536	123.92
13.546	124.8
13.556	125.59
13.566	124.22
13.576	122.63
13.586	127.92
13.596	126.92
13.606	126.11
13.616	125.22
13.626	123.13
13.636	119.16
13.646	123.33
13.656	125.69
13.666	124.88
13.676	126.18
13.686	127.6
13.696	127.31
13.706	125.46
13.716	123.52
13.726	122
13.736	120.84
13.746	120.24
13.756	119.89
13.766	119.47
13.776	119.9
13.786	120.52
13.796	120.31
13.806	119.71
13.816	119.48
13.826	125.04
13.836	124.16
13.846	121.08
13.856	120.63
13.866	118.89
13.876	118.02
13.886	116.68
13.896	114.99
13.906	114.73
13.916	114.73
13.926	114.6
13.936	114.02
13.946	113.15
13.956	111.77
13.966	110.96
13.976	110.4
13.986	110.03
13.996	108.8
14.006	108.15
14.016	107.81
14.146	90.2
14.156	89.52
14.166	88.39
14.176	85.69
14.186	82.6
14.196	81.6
14.206	79.51
14.216	73.38
14.446	115.83
14.456	112.7
14.466	111.64
14.476	111.35
14.486	108.74
14.496	106.12
14.506	109.8
14.516	106.61
14.526	101.15
14.536	101.57
14.546	106.53
14.556	112.69
14.566	115.5
14.576	117.97
14.586	92.78
14.596	86.72
14.606	86.67
14.616	87.05
14.626	87.41
14.636	88.14
14.646	90.89
14.656	95.31
14.666	97.5
14.676	99.44
14.686	100.92
14.696	102.73
14.706	104.6
14.716	108.05
14.726	108.9
14.736	110.15
14.746	110.99
14.756	113.59
14.766	117.21
14.776	118.43
14.786	120.28
14.796	125.4
14.806	125.21
14.816	118.81
14.826	86.98
14.836	85.32
14.846	80.61
14.856	79.67
14.866	113.34
14.876	115.39
14.946	110.68
14.956	109.13
14.966	106.08
15.036	112.25
15.046	112.3
15.056	112.31
16.116	92.42
16.126	92.3
16.136	89.35
16.146	86.64
16.156	86.45
16.166	86.15
16.176	86.05
16.186	87.09
16.196	87.22
16.206	86.82
16.216	87.39
16.226	87.54
16.236	86.86
16.246	85.35
16.256	83.68
16.266	81.96
16.276	81.47
16.286	81.6
16.296	81.93
16.306	79.23
16.316	78.25
16.326	80.76
16.336	80.96
16.346	80.23
16.356	80.49
16.366	81.28
16.376	81.24
16.386	80.23
16.396	79.65
16.406	80.27
16.416	80.58
16.426	80.34
16.436	79.74
16.446	78.74
16.456	78.2
16.466	77.82
16.476	78.11
16.486	77.96
16.496	78.15
16.506	78.63
16.516	81.58
16.526	78.09
17.226	90.48
17.236	93.8
17.246	94.6
17.256	95.76
17.266	96.54
17.276	96.1
17.286	96.69
17.296	96.43
17.306	96.09
17.316	96.22
17.326	96.52
17.336	96.58
17.346	95.55
17.356	95.75
17.366	95.53
17.376	96.13
17.386	97.96
17.396	93.85
17.406	93.44
17.416	93.07
17.426	92.89
17.436	92.99
17.446	92.67
17.456	92.64
17.466	92.9
17.476	93.09
17.486	93.2
17.496	92.69
17.506	92.49
17.516	92.54
17.526	92.25
17.536	92.36
17.546	92.18
17.556	90.56
17.566	88.93
17.576	87.41
17.586	85.55
17.596	86.84
17.606	90.86
17.616	91.16
17.626	95.97
17.636	96.89
17.646	98.9
17.656	101.12
17.666	100.85
17.676	100.22
17.686	100.1
17.696	100.76
17.706	101.03
17.716	101.03
17.726	101.49
17.736	102.07
17.746	101.65
17.756	100.26
17.766	96.9
17.776	94.44
17.806	82.41
17.816	81.05
17.826	80.49
17.836	80.29
17.846	80.27
17.916	94.2
17.926	93.71
17.936	93.46
17.946	93.57
17.956	93.74
17.966	93.72
17.976	93.69
17.986	93.21
17.996	92.62
18.006	93.26
18.016	93.82
18.026	93.91
18.036	93.27
18.046	92.69
18.056	92.24
18.066	90.96
18.076	89.75
18.086	89.15
18.096	89.12
18.106	88.66
18.116	88.32
18.126	88.56
18.136	89.68
18.146	90.99
18.156	90.85
18.166	89.85
18.176	86.24
18.186	86.04
18.196	84.28
18.206	81.94
18.216	80.27
18.226	79.6
18.236	78.23
18.246	78.03
18.256	77.03
18.266	77.87
18.276	78.54
18.286	77.42
18.296	78.09
18.306	76.74
18.316	75.18
18.326	75.66
18.336	75.53
18.346	69.09
18.356	75.37
18.366	76.44
18.376	76.07
18.386	76.9
18.396	78.96
18.406	80.89
18.416	85.38
18.426	84.03
18.436	84.85
18.446	85.23
18.456	85.61
18.466	86.13
18.476	84.97
18.486	84.95
18.496	82.96
19.766	69.52
19.776	70.48
19.786	69.49
19.796	81.25
19.806	80.89
19.816	71.95
19.826	71.21
19.896	89.53
19.906	88.63
19.916	89.2
19.926	88.95
19.936	88.67
19.946	88.25
19.956	87.14
19.966	86.09
19.976	83.06
19.986	79.17
19.996	77.43
20.006	73.76
20.316	71.69
20.326	71.6
20.336	71.16
20.346	70.3
20.356	69.28
20.426	72.67
20.436	74.2
20.446	76.72
20.456	80.22
20.486	77.22
20.496	76.81
20.506	73.51
20.516	72.03
20.526	72.09
20.536	72.3
20.546	67.25
20.556	68.18
20.566	66.26
20.576	69.39
20.586	69.26
20.596	65.71
20.606	68.03
20.616	67.34
20.626	67.95
20.686	108.17
20.696	108.95
20.706	109.92
20.716	110.54
20.776	79.32
20.786	79.25
20.796	78.71
20.806	114.03
20.816	115.62
20.826	116.33
20.836	116.28
20.846	116.48
20.856	111.68
20.866	109.84
20.876	111.26
20.886	112.75
20.936	107.38
20.946	106.64
20.956	105.55
20.966	101.78
20.976	100.73
20.986	100.31
20.996	97.94
21.006	96.96
21.016	97
21.026	96.48
21.036	95.26
21.046	95.1
21.056	95.32
21.066	95.45
21.076	95.03
21.086	81.96
21.096	92.96
21.106	94.35
21.116	95.07
21.126	94.67
21.136	89.94
21.146	85.31
21.156	85.03
21.166	86.37
21.176	86.41
21.186	84.06
21.286	94.27
21.296	95.17
21.306	93.99
21.316	94.21
21.326	94.88
21.336	94.63
21.346	94.36
21.356	94.54
21.366	94.33
21.406	100.18
21.416	100.6
21.426	102.77
21.436	103.51
21.446	102.39
21.456	100.46
21.466	99.21
21.476	98.54
21.486	98.84
21.496	99.55
21.506	99.73
21.516	99.36
21.526	99.23
21.536	99.19
21.546	99.51
21.556	99.3
21.566	99.29
21.576	98.88
21.586	99.22
21.596	99.59
21.606	99.2
21.616	100.22
21.626	99.6
21.636	97.27
21.646	97.99
21.656	84.84
21.666	84.8
21.676	103.99
21.686	108.7
21.786	65.81
21.796	77.5
21.806	79.62
21.816	83.13
21.826	84.18
21.836	82.93
21.846	81.65
21.856	80.75
21.976	70.35
21.986	70.85
22.036	100.25
22.046	95.14
22.056	97.12
22.066	100.05
22.076	100.3
22.086	98.15
22.096	98.9
22.106	99.32
22.116	99.27
22.126	100.09
22.136	98.03
22.146	97.03
22.156	96.72
22.166	95.35
22.176	95.03
22.186	96.77
22.196	97.14
22.206	97.27
22.216	98.34
22.226	95.06
22.236	94.05
22.246	95.27
22.256	95.34
22.266	92.77
22.276	95.63
22.286	108.38
22.296	108.91
22.306	104.35
22.316	100.86
22.326	99.31
22.336	98.97
22.346	98.5
22.356	98.79
22.366	99.91
22.376	99.86
22.386	99.24
22.396	98.98
22.406	98.73
22.416	97.97
22.426	98.57
22.436	101.12
22.446	101.58
22.456	101.79
22.466	97.51
22.476	114.23
22.486	112.95
22.496	111.73
22.506	110.43
22.516	110.42
22.526	106.82
22.706	135.14
22.716	130.8
22.726	127.82
22.736	127.37
22.746	125.74
22.756	121.73
22.766	119.06
22.776	116.49
22.786	114.6
22.796	111.63
22.806	111.14
22.896	106.88
22.906	102.43
22.916	100.8
22.926	109.36
22.936	106.54
22.946	107.07
22.956	104.04
22.966	101.51
22.976	100.77
22.986	99.58
22.996	97.78
23.006	96.06
23.016	97.33
23.026	96.7
23.036	95.34
23.046	96.37
23.056	96.06
23.066	94.77
23.076	93.68
23.086	93.07
23.096	92.25
23.106	91.51
23.116	90.82
23.126	90.64
23.136	89.77
23.146	89.02
23.156	88.16
23.216	106.12
23.226	105.26
23.236	105.94
23.246	105.28
23.256	104.75
23.266	105.01
23.276	104.99
23.286	104.68
23.296	103.85
23.306	102.78
23.316	102.13
23.566	66.36
23.576	67.72
23.636	98.94
23.646	96.02
23.656	99.32
23.666	96.85
23.676	97.34
23.686	96.85
23.696	96.37
23.706	99.11
23.716	98.14
23.726	95
23.736	97.02
23.746	100.07
23.806	96.58
23.816	95.01
23.826	94.76
23.836	96
23.936	82.49
23.946	82.55
23.956	93.72
23.966	93.17
23.976	93.37
23.986	94.6
23.996	97.05
24.006	98.29
24.016	100
24.026	102.41
24.036	105.22
24.046	106.13
24.056	107.68
24.066	109.24
24.076	110.04
24.086	108.83
24.096	109.08
24.106	108
24.116	107.56
24.126	107.36
24.136	105.77
24.146	105.09
24.156	105.44
24.206	111.58
24.216	109.93
24.226	108.8
24.236	108.7
24.246	108.04
24.256	108.01
24.266	108.45
24.276	106.3
24.286	105.71
24.346	103.54
24.356	107.78
24.366	108.38
26.086	110.3
26.096	113.14
26.106	116.71
26.116	118.64
26.126	120.78
26.136	121.61
26.146	121.95
26.156	122.4
26.166	121.54
26.176	120.18
26.186	120.66
26.196	122.44
26.206	124.59
26.216	126.29
26.226	128.64
26.236	127.79
26.246	126.5
26.256	126.3
26.266	126.36
26.276	125.94
26.286	124.55
26.296	123.87
26.306	123.99
26.316	123.47
26.326	122.47
26.336	120.76
26.346	119.65
26.356	118.97
26.366	118.33
26.376	118.01
26.386	118.1
26.396	118.12
26.406	118.32
26.416	118.37
26.426	118.45
26.436	118.64
26.446	119.72
26.456	120.91
26.466	122.33
26.476	124.03
26.486	125.38
26.496	125.17
26.506	125.2
26.516	127.1
26.526	128.85
26.536	126.51
26.546	123.62
26.556	123.66
26.566	124.86
26.576	124.29
26.586	123
26.596	122.78
26.606	123.94
26.616	120.98
26.626	117.96
26.636	118.88
26.646	121.08
26.656	120.94
26.666	122.89
26.896	119.79
26.906	121.01
26.916	120.18
26.926	120.63
26.936	121.31
27.036	158.69
27.046	156.62
27.056	152.56
27.066	149.01
27.076	147.31
27.086	145.92
27.096	143.9
27.106	142.88
27.116	142.01
27.126	140.68
27.136	138.42
27.146	136.95
27.156	136.4
27.166	136.07
27.176	134.88
27.236	110.7
27.246	110.22
27.256	108.15
27.266	107.25
27.276	105.06
27.286	103.48
27.296	102.9
27.306	102.8
27.316	103.85
27.326	103.3
27.336	100.98
27.346	97.54
27.356	97.15
27.366	97.8
27.376	96.8
27.386	93.32
27.396	88.19
27.406	89.76
27.416	88.2
27.426	88.39
27.436	88.8
27.446	89.59
27.456	89.03
27.466	88.17
27.476	87.22
27.486	87.12
27.496	88.33
27.506	88.22
27.516	88.13
27.526	87.53
27.536	86.82
27.546	86.17
27.556	85.36
27.566	83.83
28.206	101.19
28.216	101.48
28.226	102.69
28.236	107.13
28.246	108.44
28.256	108.99
28.266	112.63
28.276	119.15
28.286	119.84
28.296	120.63
28.306	122.02
28.316	123.42
28.326	124.93
28.336	126.52
28.346	127.56
28.356	127.78
28.366	128.88
28.376	128.95
28.386	127.92
28.396	128.49
28.406	131.3
28.416	132.16
28.426	130.92
28.436	129.02
28.446	127.03
28.456	123.93
28.466	120.86
28.476	124.55
28.486	128.13
28.496	123.66
28.506	121.48
28.516	119.13
28.526	119.83
28.616	107.95
28.626	107.79
28.636	107.92
28.646	108.12
28.656	108.14
28.666	108.28
28.676	108.57
28.686	109.15
28.696	109.56
28.706	109.75
28.716	110.49
28.726	111.31
28.736	112.38
28.746	113.38
28.756	113.84
28.766	114.31
28.776	114.6
28.786	113.44
28.796	112.67
28.806	113.6
28.816	124.19
28.826	124.4
28.836	122.58
28.846	120.44
28.856	120.31
28.866	120.09
28.876	119.89
28.886	119
28.896	116.98
28.906	113.84
28.916	79.94
28.926	78.77
29.016	93.73
29.026	95.25
29.036	93.99
29.046	87.79
29.056	88.36
29.066	88.6
29.076	87.02
29.086	68.76
29.096	69.19
29.106	71.51
29.116	71.34
29.126	68.3
29.136	69.71
29.146	103.31
29.156	109.45
29.166	109.14
29.176	108.75
29.186	108.76
29.196	109.86
29.206	110.02
29.216	108.56
29.226	110.53
29.236	113.83
29.246	117.23
29.256	119.14
29.266	122.04
29.276	125.88
29.286	128.77
29.296	132.09
29.306	129.34
29.316	128.39
29.326	133.28
29.336	127.46
29.346	124.53
29.476	121.47
29.486	119.58
29.846	95.36
29.856	96.74
29.866	96.59
29.876	96.74
29.886	96.27
29.896	96.06
29.906	95.84
29.916	95.52
29.926	95.28
29.936	95.26
29.946	95.12
29.956	94.96
29.966	94.92
29.976	94.78
29.986	94.29
29.996	93.89
30.006	93.52
30.016	93.49
30.026	93.19
30.036	92.71
30.046	91.64
30.056	90.77
30.066	90.13
30.076	88.75
30.086	86.86
30.096	86.15
30.106	86.89
30.116	86.48
30.126	85.01
30.136	86.74
30.146	87.64
30.156	86.87
30.166	86.57
30.176	86.78
30.186	86.58
30.196	87.17
30.206	87.35
30.216	86.74
30.226	86.31
30.236	86.51
30.246	87.06
30.256	86.25
30.576	90.88
30.586	91.02
30.596	91.2
30.606	91.8
30.616	92.16
30.626	91.42
30.636	90.23
30.646	89.69
30.686	91.05
30.696	92.17
30.706	92.86
30.716	92.88
30.726	91.77
30.736	91.43
30.746	91.45
30.756	91.33
30.766	91.01
30.776	90.98
30.786	90.1
30.796	88.86
30.806	88.38
30.816	85.62
30.826	82.74
30.836	87.47
30.846	92.78
30.856	97.46
30.866	94.88
30.876	100.64
30.886	99.76
30.896	99.02
30.906	98.54
30.916	98.09
30.926	97.69
30.936	98.08
30.946	98.74
30.956	98.91
30.966	98.39
30.976	97.41
30.986	96.09
30.996	95.01
31.006	92.88
31.016	88.66
31.026	88.31
31.036	88.93
31.076	85.8
31.086	87.31
31.096	89.45
31.106	89.97
31.116	89.96
31.126	90.31
31.136	91.46
31.146	91.82
31.156	91.25
31.166	91.27
31.176	92.2
31.186	93.74
31.196	94.68
31.206	95.29
31.216	96.28
31.226	98.41
31.236	99.94
31.246	99.28
31.256	98.83
31.266	97.39
31.276	96.07
31.286	98.44
31.296	99.23
31.306	99.26
31.316	99.29
31.326	97.92
31.336	95.08
31.346	98.42
31.356	98.27
31.366	97.85
31.376	98.39
31.386	98.18
31.396	97.79
31.406	97.13
31.416	93.29
31.446	98.95
31.456	98.76
31.466	96.29
31.476	91.68
31.486	96.01
31.496	95.27
31.506	86.49
31.516	84.93
31.526	85.01
31.536	84.27
31.546	82.83
31.556	81.19
31.566	79.55
31.576	80.68
31.586	81.5
31.596	81.65
31.606	81.85
31.646	105.78
31.656	105.43
31.666	105.39
31.676	106.71
31.686	106.76
31.696	105.57
31.706	104.81
31.716	107.47
31.726	108.24
31.736	84.14
31.746	84.95
32.226	121.8
32.236	120.36
32.246	117.13
32.286	91.39
32.296	90.12
32.306	90.22
32.316	89.62
32.326	89.18
32.336	88.36
32.346	87.17
32.356	83.25
32.366	82.26
32.376	81.83
32.386	82.13
32.396	82.89
32.406	83.34
32.416	84.53
32.426	84.44
32.436	84.35
32.446	85.32
32.456	84.72
32.466	84.59
32.476	84.55
32.486	84.42
32.496	83.75
32.506	83.25
32.516	83.42
32.526	82.84
32.536	82.11
32.546	81.97
32.556	82.41
32.566	82.42
32.576	81.97
32.586	81.59
32.596	82.21
32.606	82.37
32.616	82.13
32.626	82.29
32.636	82.61
32.646	82.48
32.656	81.86
33.246	109.13
33.256	106.66
33.266	106.5
33.276	106.08
33.286	105.85
33.296	105.61
33.306	105.7
33.316	103.2
33.326	105.34
33.336	105.85
33.346	106.85
33.356	107.49
33.366	106.64
33.376	105.95
33.386	103.46
33.396	69.46
33.406	69.19
33.416	69.6
33.426	68.89
33.436	70.05
33.446	70.3
33.456	70.68
33.466	69.95
33.476	70.15
33.486	70.7
33.496	70.55
33.506	70.76
33.516	69.6
33.526	69.12
33.536	69.7
33.546	106.58
33.556	105.39
33.566	102.42
33.576	69.03
33.586	69.89
33.596	70.58
33.606	70.45
33.616	69.98
33.626	70.18
33.636	68.72
33.786	97.98
33.796	97.92
33.806	97.36
33.816	97.34
33.826	97.62
33.836	96.04
33.846	94.63
33.856	94.79
33.866	95.45
33.876	96.1
33.886	89.17
33.896	87.06
33.906	88.28
33.916	87.77
33.926	87.3
33.936	86.55
33.946	86.14
33.956	86.49
33.966	87.55
33.976	87.45
33.986	86.89
33.996	86.45
34.006	86.16
34.186	93.35
34.196	93.29
34.206	95.66
34.216	94.89
34.226	94.4
34.236	94.85
34.246	96.02
34.256	97.08
34.266	96.43
34.276	97.89
34.286	96.44
34.296	96.36
34.306	96.01
34.316	96
34.326	97.27
34.336	96.4
34.346	97.93
34.356	95.75
34.366	97.85
34.376	98.47
34.386	101.97
34.396	97.87
34.406	94.84
34.416	98.49
34.426	97.64
34.466	98.64
34.476	101.25
34.486	100.92
35.006	93.61
35.016	100.85
35.026	100.89
35.036	95.34
35.046	94.93
35.126	118.7
35.136	116.85
35.146	109.69
35.156	108.92
35.166	109.06
35.176	100.94
35.186	99.92
35.196	99.02
35.206	97.7
35.216	98.13
35.226	95.29
35.236	92.38
35.396	109.21
35.406	107.23
35.416	106.16
35.426	103.62
35.436	105.7
35.446	105.57
35.466	84.97
35.476	86.19
35.596	171.26
35.606	168.11
35.616	161.32
36.086	105.47
36.096	105.35
36.106	106.17
36.116	105.52
36.126	104.86
36.136	104.36
36.146	104.65
36.156	103.93
36.166	103.45
36.176	104.07
36.186	104.66
36.196	104.9
36.206	104.73
36.216	104.68
36.226	105.39
36.236	105.54
36.246	104.22
36.256	102.79
36.266	101.45
36.276	99.29
36.286	97.13
36.296	97.63
36.306	103.21
36.316	103.35
36.326	100.11
36.356	97.81
36.366	96.87
36.376	96.66
36.386	96.77
36.396	96.51
36.406	95.81
36.416	95
36.426	95.28
36.436	96.27
36.446	95.11
36.456	95.88
36.466	97.03
36.476	97.53
36.486	96.52
36.496	95.94
36.576	117.68
36.586	117.12
36.596	115
36.606	112.53
36.676	118.89
36.686	115.46
36.696	117.71
36.706	120.04
36.716	121.77
36.726	125.2
36.736	133.77
36.746	137
36.756	136.98
36.766	140.29
36.836	139.22
36.846	136.64
36.856	137.19
36.866	138.4
37.146	128.21
37.156	127.59
37.166	125.01
37.176	122.3
37.186	119.77
37.196	119.16
37.206	114.81
37.216	111.71
37.226	111.5
37.236	111.47
37.246	110.03
37.256	109.03
37.266	109.38
37.276	108.8
37.286	108.41
37.296	108.64
37.306	109.22
37.316	108.94
37.326	109.04
37.336	109.67
37.346	109.49
37.356	108.99
37.366	109.07
37.376	109.03
37.386	109.52
37.396	110.67
37.536	113.48
37.546	116.12
37.686	101.97
37.696	100.99
37.706	101.76
37.716	103.33
37.726	105.41
37.736	107.48
37.746	109.27
37.756	112.38
37.766	117.24
37.776	117.29
37.786	119.86
37.796	123.47
37.806	131.29
37.816	136.45
37.826	139.5
37.836	141.34
37.846	145.11
37.856	146.44
37.866	147.55
37.876	145.61
37.886	147.38
37.896	151.33
37.906	154.85
37.916	153.19
37.926	154.49
37.936	164.2
37.946	166.98
37.956	168.3
37.966	159.54
37.976	160.02
37.986	159.1
37.996	154.22
38.006	157.08
38.016	154.44
38.026	154.22
38.036	156.35
38.046	154.5
38.596	140.99
38.606	140.84
38.616	141.09
38.626	139.78
38.756	84.02
38.766	85.44
38.776	86.36
38.786	99.02
38.796	97.37
38.806	97.06
38.816	97.43
38.826	97.3
38.836	97.31
38.846	95.86
38.856	96.82
38.866	98.24
38.876	97.96
38.886	95.85
38.896	96.57
38.906	101.04
38.916	108.81
38.926	112.48
38.936	114.1
38.946	115.15
38.956	116.59
38.966	117.18
38.976	118.25
38.986	119.51
38.996	120.4
39.006	121.6
39.016	122.71
39.026	122.35
39.036	122.46
39.046	124.58
39.056	126.82
39.066	131.49
39.076	128.94
39.086	122.29
39.096	123.48
39.106	128.82
39.116	132.97
39.126	132.19
39.136	128.58
39.146	124.32
39.156	118.44
39.166	119.27
39.176	127.99
39.186	133.23
39.196	131.02
39.206	132.23
39.286	107.54
39.296	107.92
39.306	107.92
39.316	108.94
39.416	121.58
39.426	120.62
39.436	119.75
39.446	119.13
39.456	117.54
39.466	115.83
39.476	115.96
39.486	116.91
39.496	117.56
39.506	116.78
39.516	117.28
39.526	117.85
39.536	116.85
39.546	115.78
39.556	114.39
39.566	112.59
39.576	110.43
39.586	106.65
39.596	106.66
39.606	106.28
39.616	103.72
39.626	101.34
39.636	99.08
39.646	98.77
39.656	98.7
39.666	101.63
39.676	105.39
39.686	99.99
39.696	99.99
39.706	103.69
39.716	108.81
39.726	107.82
39.736	102.06
39.746	99.63
39.756	99.56
39.766	98.63
39.776	96.99
39.786	96.17
39.796	95.69
39.956	122.27
39.966	125.81
39.976	127.71
39.986	127.47
39.996	127.87
40.006	128.62
40.016	128.53
40.026	128.45
40.036	128.63
40.046	129.46
40.056	130.13
40.066	130.47
40.076	131.19
40.086	131.84
40.096	131.55
40.106	130.96
40.116	131.36
40.126	131.82
40.136	131.63
40.146	129.82
40.156	125.37
40.166	123.72
40.176	122.28
40.186	119.34
40.196	115.96
40.206	112.78
40.246	97.39
40.256	100.48
40.266	101.86
40.666	119.89
40.676	120.25
40.686	122.13
40.696	120.64
40.706	117.27
40.716	115.21
40.726	115.78
40.736	119.2
40.746	115.81
40.756	114.25
40.766	113.03
40.776	112.06
40.786	111.2
40.796	106.15
40.806	101.42
40.816	98.55
40.826	99.07
40.836	108.18
40.846	101.4
40.856	99.53
40.866	97.26
40.876	96.87
40.886	96.85
40.896	94.99
40.906	98.74
40.916	100.81
40.926	101.09
40.936	99.65
40.946	99.22
40.956	99.68
40.966	101.16
40.976	103.95
40.986	106.44
40.996	106.79
41.006	107.58
41.016	109.63
41.026	109.85
41.036	110.1
41.046	110.6
41.056	111.59
41.066	113
41.076	116.14
41.086	115.26
41.096	113.8
41.106	112.97
41.116	114.04
41.126	115.57
41.136	117.31
41.146	116.36
41.156	115.28
41.166	114.3
41.176	114.42
41.186	115.42
41.196	115.66
41.206	116.27
41.216	114.85
41.226	113.48
41.236	113.81
41.666	124.63
41.676	117.62
41.686	114.93
41.696	112.24
41.706	110.85
41.716	112.59
41.726	110.05
41.736	107.58
41.786	105.7
41.796	106.58
41.806	107.15
41.816	107.23
41.826	107.08
41.836	106.69
41.846	106.89
41.856	108.05
41.866	110.49
41.876	112
41.886	112.52
41.896	112.04
41.906	111.9
41.916	113.41
41.926	115.39
41.936	115.36
41.946	115.71
41.956	117.23
41.966	115.53
41.976	116.56
41.986	113.76
41.996	112.89
42.006	115.23
42.016	117.43
42.026	114.92
42.036	115.87
42.046	114.75
42.056	114.7
42.086	112.37
42.096	113.62
42.106	116.15
42.116	116.74
42.126	114.64
42.136	111.13
42.146	98.98
42.156	97.49
42.166	95.8
42.176	95.37
42.186	92.21
42.196	89.79
42.206	94.33
42.216	95.03
42.226	95.47
42.236	95.34
42.246	94.55
42.256	94.43
42.326	101.19
42.336	100.87
42.346	99.55
42.356	98.18
42.366	98.85
42.376	99.57
42.386	98.99
42.396	96.44
42.406	93.39
42.416	91.29
42.426	91.56
42.436	92.94
42.446	93.26
42.456	93.45
42.466	92.12
42.476	91.46
42.486	91.81
42.496	92.93
42.506	94.57
42.516	93.13
42.526	92.49
42.536	92.21
42.546	93.31
42.556	97.18
42.566	97.73
42.576	97.39
42.586	97.25
42.686	94
42.696	94.89
42.706	95.17
42.716	99.97
42.726	100.1
42.736	99.47
42.746	101.43
42.756	101.89
42.766	98.15
42.776	97.74
42.786	99.67
42.796	91.3
42.806	93.3
42.816	101.74
42.826	97.01
42.836	101.43
42.846	106.31
42.856	107.14
42.866	103.72
42.876	97.58
42.886	98.02
42.896	103.1
42.906	104.08
42.916	98.32
42.926	93.64
42.936	103.61
42.946	105.21
43.196	103.4
43.206	105.34
43.216	108.18
43.226	106.4
43.236	104.81
43.246	100.34
43.256	101.84
43.266	99.75
43.276	98.02
43.286	98.03
43.296	98.26
43.306	98.23
43.316	96.12
43.326	96.37
43.336	97.61
43.346	97.89
43.356	95.8
43.366	96.18
43.376	96.5
43.386	97.45
43.396	97.75
43.406	99.78
43.416	101.14
43.426	102.75
43.436	105.07
43.446	106.33
43.456	107.45
43.466	108.37
43.476	109.79
43.486	111.68
43.496	112.95
43.506	114.81
43.516	116.38
43.526	117.81
43.536	118.95
43.546	119.99
43.556	120.68
43.566	121.91
43.576	122.17
43.586	121.86
43.596	121.78
43.606	122.02
43.616	122.48
43.626	122.38
43.636	120.83
43.646	120.33
43.656	121.9
43.666	122.87
43.676	123.22
43.686	122.09
43.696	121.11
43.706	120.71
43.716	120.82
43.726	120.12
43.736	117.41
43.746	120
43.756	120.31
43.766	121.45
43.776	121.61
43.786	120.4
43.796	120.09
44.276	103.51
44.286	102.06
44.296	101.47
44.306	101.42
44.316	101.54
44.326	100.77
44.336	99.38
44.346	98.15
44.356	97.35
44.366	96.73
44.376	96
44.386	95.3
44.396	97.63
44.406	97.55
44.416	97.02
44.426	96.5
44.436	95.84
44.446	95.84
44.456	98.32
44.466	98.48
44.476	96.23
44.486	96.94
44.496	97.91
44.506	97.92
44.516	95.44
44.526	95.11
44.536	94.76
44.546	94.25
44.556	93.91
44.566	93.34
44.576	93.19
44.586	93.55
44.596	93.42
44.606	90.96
44.616	92.84
44.626	92.95
44.636	93.19
44.646	91.83
44.656	93.62
44.666	93.56
44.676	92.87
44.686	92.34
44.696	91.86
44.706	90.43
44.716	89.12
44.726	88.06
44.736	86.78
44.746	85.95
44.756	85.42
44.766	84.94
44.776	84.12
44.786	84.98
44.876	86.38
44.886	85.5
44.936	84.94
44.946	88.19
44.956	88.03
44.966	88.14
44.976	87.33
44.986	87.16
44.996	87.43
45.006	86.95
45.016	84.84
45.026	84.14
45.036	83.3
45.046	83.79
45.056	83.88
45.066	84.27
45.076	87.63
45.086	87.07
45.096	87.33
45.216	101.61
45.226	98.69
45.236	97.34
45.246	95.33
45.256	94.28
45.266	94.43
45.276	93.18
45.286	92.3
45.296	92.61
45.306	93.05
45.316	93.68
45.326	93.28
45.336	89.19
45.346	87.95
45.356	87.78
45.366	87.25
45.376	86.38
45.386	83.89
45.396	83.84
45.406	83.82
45.416	83.44
45.426	83.32
45.436	83.48
45.446	83.7
45.456	83.88
45.466	83.37
45.476	83.23
45.486	83.85
45.496	85.31
45.506	87.75
45.516	88.82
45.526	89.51
45.536	89.87
45.546	88.85
45.556	86.59
45.566	85.36
45.576	85.77
45.586	86.95
45.596	88.55
45.606	88.7
45.616	88.61
45.626	88.52
45.636	88.92
45.646	90.57
45.656	90.26
45.726	89.37
45.736	90.28
45.746	90.91
45.756	90.7
45.766	89.37
45.776	83.87
45.786	86.41
45.796	87.63
45.806	87.96
45.816	87.7
45.826	87.55
45.836	87.57
45.846	87.9
45.856	87.23
45.866	87.43
45.876	87.48
45.886	85.56
45.896	88.4
45.906	88.73
45.916	88.77
45.986	97.76
45.996	96.86
46.006	93.17
46.016	93.98
46.026	91.81
46.036	89.82
46.046	88.69
46.056	87
46.066	85.78
46.076	85.07
46.136	85.98
46.146	85.31
46.156	84.83
46.166	83.34
46.176	81.51
46.186	81.49
46.196	81.43
46.206	81.08
46.216	80.92
46.226	78.74
46.236	77.23
46.246	77.1
46.256	76.74
46.266	76.66
46.276	77.06
46.286	75.64
46.296	80.83
46.306	82.41
46.356	82.24
46.366	83.03
46.376	85.13
46.386	84.14
