time	f0
0.015	181.46
0.025	187.05
0.035	189.43
0.065	262.24
0.075	258.22
0.085	249.68
0.095	251.97
0.105	232.36
0.115	233.55
0.125	227.54
0.135	225.65
0.145	225.3
0.155	225.14
0.165	220.92
0.175	221.41
0.185	218.13
0.195	218.75
0.205	218.51
0.215	215.07
0.225	217.71
0.235	216.41
0.245	215.88
0.255	214.57
0.265	214.5
0.275	211.51
0.285	212.99
0.295	210.55
0.305	211.35
0.315	211.97
0.325	212.41
0.335	210.07
0.345	210.62
0.355	207.08
0.365	204.75
0.375	195.74
0.385	196.28
0.395	188.18
0.405	192.28
0.415	213.18
0.425	180.75
0.435	206.18
0.445	205.66
0.455	206.77
0.465	200.32
0.475	205.64
0.485	211.64
0.565	207.58
0.775	213.64
0.785	194.69
0.795	196.94
0.805	189.12
0.815	206.32
0.825	205.98
0.835	209.15
1.025	271.82
1.035	279.47
1.045	291.4
1.055	286.77
1.065	279.24
1.075	258.06
1.085	256.57
1.095	247.93
1.105	253.73
1.115	248.6
1.125	247.8
1.135	249.97
1.145	251.97
1.155	256.53
1.165	259.21
1.175	254.23
1.185	256.54
1.195	252.04
1.205	248.85
1.215	250.39
1.225	250.72
1.235	252.49
1.245	259.97
1.255	250.68
1.265	246.75
1.275	241.09
1.285	236.4
1.295	244.87
1.305	245.85
1.315	257.51
1.325	248.57
1.375	248.81
1.385	243.38
1.395	242.34
1.465	252.15
1.475	242.55
1.485	235.76
1.495	242.92
1.505	247.61
1.515	248.33
1.525	244.44
1.725	368.55
1.735	350.42
1.745	334.25
1.755	335.14
1.765	347.8
1.775	319.24
1.785	322.57
1.795	325.28
1.805	289.67
1.815	286.58
1.825	288.58
1.835	295.16
1.845	312.94
1.855	328.84
2.125	170.43
2.135	184.74
2.145	189.27
2.155	191.09
2.165	190.7
2.175	191.6
2.185	191.77
2.195	193.84
2.205	200.18
2.215	204.89
2.225	207.95
2.235	208.96
2.245	213.1
2.255	210.93
2.265	206.63
2.275	213.43
2.285	204.29
2.295	209.2
2.305	207.35
2.315	211.71
2.325	228.98
2.335	212.17
2.345	206.11
2.355	202.36
2.365	201.58
2.375	201.53
2.385	199.37
2.395	199.14
2.405	199.31
2.415	199.45
2.425	206.98
2.435	208.93
2.445	228.93
2.455	210.69
2.465	204.94
2.475	202.15
2.485	196.28
2.495	193.04
2.505	189.6
2.515	190.71
2.525	191.74
2.535	190.99
2.545	191.04
2.555	189.05
2.565	188.35
2.575	192.48
2.585	189.82
2.595	195.31
2.605	195.57
2.625	200.82
2.635	217.23
2.645	189.98
2.655	196.28
2.665	222.38
2.675	229.08
2.685	209.07
2.695	202.53
2.705	194.92
2.715	195.2
2.725	198.52
2.735	201.16
2.745	201.84
2.755	206.33
2.765	210.36
2.775	205.65
2.785	214.5
2.795	204.73
2.805	199.69
2.815	200.2
2.825	205.21
2.835	201.07
2.845	244.58
2.855	246.2
2.865	254.6
2.875	247.87
2.885	240.91
2.895	247.47
2.905	247.86
2.915	245.58
2.925	245.27
2.935	245.81
2.945	245.22
2.955	241.93
2.965	225.16
3.065	184.4
3.075	191.93
3.085	190.99
3.095	189.57
3.105	192.32
3.115	187.97
3.125	189.32
3.135	193.12
3.145	197.09
3.155	197
3.165	200.97
3.175	200.59
3.185	206.12
3.195	203.16
3.205	208.96
3.215	204.32
3.225	197.5
3.235	193.19
3.245	199.84
3.255	193.19
3.275	203.22
3.285	205.85
3.295	200.49
3.555	282.3
3.565	202.3
3.575	199.93
3.585	201.14
3.595	197.81
3.605	198.5
3.615	199.13
3.625	196.27
3.635	199.01
3.645	197.62
3.655	197.13
3.665	198.62
3.675	199.99
3.685	198.35
3.695	197.48
3.705	200.63
3.715	201.62
3.725	202.41
3.735	204.25
3.745	207.92
3.755	208.58
3.765	203.59
3.775	206.8
3.785	209.02
3.795	206.38
3.805	202.74
3.815	209.43
3.825	206.38
3.835	202.41
3.845	205.85
3.855	204.89
3.865	202.18
3.885	237.44
3.895	257.62
3.905	226.95
3.915	200.62
3.925	202.13
3.935	204.07
3.945	195.73
3.955	200.29
3.965	193.64
3.975	194.51
3.985	189.14
3.995	189.27
4.005	191.29
4.015	187.4
4.025	188.98
4.035	190.15
4.045	190.03
4.055	191.97
4.065	187.79
4.075	196.2
4.085	200.73
4.095	201.79
4.105	206.76
4.115	200.52
4.265	190.32
4.275	189.31
4.285	216.79
4.295	230.57
4.305	219.02
4.315	277.23
4.325	240.85
4.335	233.28
4.345	230.12
4.355	234.93
4.365	236.39
4.375	239.36
4.385	229.98
4.395	236.8
4.405	255.78
4.415	231.32
4.425	213.45
4.435	204.11
4.445	206.23
4.455	211.12
4.465	203.98
4.475	203.83
4.485	192.06
4.495	195.23
4.505	188.05
4.515	193.47
4.525	194
4.535	195.78
4.545	213.71
4.555	205.46
4.565	208.43
4.575	198.45
4.585	197.54
4.595	199.73
4.605	199.11
4.615	205.58
4.625	221.26
4.635	216.66
4.645	209.67
4.655	211.85
4.665	211.67
4.675	209.11
4.685	190.45
4.695	207.66
5.435	261.82
5.445	274.85
5.455	209.38
5.465	203.45
5.475	198.65
5.485	195.99
5.495	197.9
5.505	198.92
5.515	196.92
5.525	198.65
5.535	198.04
5.545	195.5
5.555	196.73
5.565	199.14
5.575	196.29
5.585	202.56
5.595	201.8
5.605	196.51
5.615	201.79
5.625	197.77
5.655	264.29
5.665	220.88
5.675	206.21
5.685	206.79
5.695	205.27
5.705	200.6
5.715	197.29
5.725	199.18
5.735	192.66
5.745	190.77
5.755	191.47
5.765	189.99
5.775	192.46
5.785	185.99
5.795	187.04
5.805	187.69
5.815	201.54
5.825	199.05
5.835	193.27
5.875	196.12
5.905	196.79
5.915	196.91
6.995	286.16
7.005	222.09
7.015	201.34
7.025	198.47
7.035	192.93
7.045	197.65
7.055	194.6
7.065	186.05
7.075	202.4
7.085	204.1
7.095	212.71
7.105	212.28
7.115	211.9
7.125	212.89
7.135	212.44
7.145	208.3
7.155	211.81
7.165	212.63
7.175	207.45
7.185	204.74
7.195	205.66
7.205	204.79
7.215	206.69
7.225	201.58
7.235	198.38
7.245	192.6
7.255	193.14
7.265	191.42
7.275	187.3
7.285	187.31
7.295	186.94
7.305	180.05
7.315	187.17
7.325	181.61
7.335	182.6
7.345	180.11
7.355	186.41
7.365	175.93
7.375	171.69
7.385	183.56
7.395	168.88
7.405	184.58
7.415	180.8
7.425	184.52
7.435	188
7.445	182.8
7.455	190.82
7.465	193.66
7.475	194.63
7.485	204
7.495	214.6
7.505	220.51
7.515	223.02
7.525	227.89
7.535	228.3
7.545	228.49
7.555	226.6
7.565	221.67
7.575	216.3
7.585	213.38
7.595	213
7.605	204.52
7.615	201.37
7.625	186.84
7.635	195.78
7.645	197.48
7.655	197.5
7.665	199.47
7.675	214.75
7.685	210.39
7.695	230.74
7.705	190.3
7.715	186.74
7.725	193.53
7.735	206.64
7.745	186.46
7.755	191.4
7.765	186.32
7.775	192.01
7.785	188.55
7.795	200.29
7.805	202.95
7.815	197.72
7.825	198.93
7.835	198.7
7.845	180.65
7.855	189.65
7.865	187.33
7.885	203.76
7.895	195.81
8.965	225.1
8.975	213.25
8.985	195.24
8.995	203.68
9.005	232.89
9.015	225.5
9.095	204.18
9.105	196.1
9.115	193.29
9.125	194.17
9.135	191.37
9.145	189.17
9.155	186.85
9.165	188.63
9.175	188.12
9.185	185.88
9.195	187.22
9.205	187.11
9.215	182.62
9.225	184.34
9.235	186.21
9.245	192.94
9.255	190.55
9.265	188.6
9.275	185.24
9.285	186.71
9.295	185.78
9.305	186.84
9.315	187.15
9.325	184.53
9.335	185.38
9.345	186.76
9.355	186.79
9.365	188.89
9.375	188.61
9.385	186.38
9.395	185.61
9.415	188.57
9.425	187.93
9.685	268.82
9.695	250.07
9.705	202.57
9.715	208.78
9.725	210.84
9.735	206.26
9.745	201.26
9.755	200.06
9.765	197.39
9.775	194.94
9.785	194.11
9.795	192.71
9.805	192.92
9.815	191.27
9.825	193.33
9.835	191.19
9.845	195.4
9.855	196.25
9.865	200.36
9.875	200.93
9.885	198.57
9.895	208.2
9.905	194.45
9.915	192.79
9.925	193.51
9.935	189.92
9.945	196.26
9.955	199.84
9.965	191.24
9.975	190.96
11.645	271.03
11.655	243.06
11.665	209.27
11.675	200.89
11.685	189.72
11.695	196.42
11.705	206.53
11.715	191.35
11.725	202.51
11.735	189.19
11.745	200.29
11.755	217.05
11.765	200.3
11.775	204.36
11.785	211.17
11.795	208.03
11.805	243.24
11.815	244.77
11.825	205.86
11.835	214.25
11.845	217.87
11.855	218.16
11.865	220.84
11.875	219.43
11.885	216.4
11.895	208.87
11.905	191.17
11.915	190.56
11.925	221.71
11.935	218.21
11.945	220.42
11.955	200.4
11.965	197.4
11.975	202.95
11.985	208.72
11.995	207.29
12.005	212.64
12.015	215.72
12.025	214.95
12.035	212.56
12.045	211.38
12.055	203.33
12.065	214.19
12.075	213.63
12.085	213.27
12.095	212.33
12.105	186.91
12.115	198.69
12.125	213.06
12.135	221.32
12.145	225.04
12.155	231.18
12.165	225.48
12.175	231.32
12.185	246.72
12.195	301.52
12.205	291.89
12.215	330.45
12.225	295.38
12.235	303.2
12.245	283.06
12.255	301.52
12.265	316.38
12.275	276.01
12.285	251.19
12.295	250.18
12.305	249.21
12.315	248.76
12.325	254.92
12.335	253.78
12.345	254.87
12.355	244.21
12.365	251.39
12.375	251.15
12.385	251.71
12.395	259.01
12.405	250.81
12.415	252.17
12.425	216.95
12.435	203.64
12.445	204.48
12.455	204.7
12.465	198.16
12.475	221.61
12.485	197.39
12.495	198.27
12.505	197.35
12.515	196.27
12.525	196.25
12.535	195.93
12.545	194.36
12.555	196.09
12.565	197.41
12.575	197.49
12.585	201.27
12.595	207.41
12.605	214.87
12.615	214.72
12.625	215.53
12.635	217.71
12.645	215.92
12.655	219.68
12.665	218.55
12.675	213.33
12.685	208.17
12.695	201.99
12.705	198.37
12.715	192.79
12.725	192.77
12.735	184.78
12.745	187.85
12.755	192.57
12.765	209.36
12.775	201.04
12.785	192.82
12.795	200.89
12.805	199.72
12.815	192.26
12.845	196.98
12.855	191.54
12.865	195.06
12.875	197.29
13.475	281.06
13.485	238.15
13.495	210.47
13.505	208.41
13.515	204.99
13.525	201.7
13.535	198.13
13.545	194
13.555	195.03
13.565	181.29
13.575	196.83
13.595	203.01
13.605	198.16
14.945	261.19
15.245	277.27
15.255	217.45
15.265	206.79
15.275	208.33
15.285	216.75
15.295	223.44
15.305	230.49
15.315	219.97
15.325	219.67
15.335	221.2
15.345	230.11
15.355	224.75
15.365	220.37
