time	f0
0.037	59.91
0.047	59.91
0.057	59.79
0.067	59.85
0.077	59.87
0.097	122.75
0.107	122.92
0.117	121.12
0.127	119.67
0.137	121.11
0.147	120.11
0.157	119.74
0.167	120.89
0.177	122.18
0.187	120.43
0.197	119.87
0.207	121.49
0.217	122.16
0.227	122.12
0.237	121.71
0.247	121.22
0.257	120.82
0.267	120.73
0.277	120.82
0.287	119.64
0.297	119.56
0.307	119.77
0.317	119.55
0.327	120.66
0.337	122.62
0.347	120.02
0.357	118.86
0.367	120.07
0.377	121.04
0.387	120.64
0.397	118.64
0.407	118.13
0.417	120.35
0.457	59.74
0.467	60.45
0.477	60.5
0.487	59.93
0.497	59.84
0.507	59.58
0.517	59.67
0.527	60
0.537	59.88
0.547	59.99
0.557	60.32
0.597	59.84
0.607	59.61
0.617	59.43
0.627	60.02
0.637	60.85
0.647	60.79
0.657	60.01
0.667	60.08
0.677	60.08
0.687	59.86
0.697	59.78
0.707	59.63
0.717	59.9
0.727	60.53
0.737	60.56
0.747	60.18
0.757	60.05
0.767	60.6
0.777	60.58
0.787	59.97
0.797	60.65
0.807	60.83
0.817	59.73
0.827	59.2
0.837	59.88
0.847	59.99
0.857	60.12
0.867	60.15
0.877	59.92
0.887	60.1
0.897	59.37
0.907	58.41
0.917	59.46
0.927	60.25
0.937	60.16
0.947	60.17
0.957	59.96
0.967	59.91
0.977	60.29
0.987	60.06
0.997	59.51
1.007	59.17
1.017	59.39
1.027	60.35
1.037	60.54
1.047	59.44
1.057	59.37
1.067	60
1.077	60.03
1.087	60
1.097	60.19
1.107	60.45
1.117	60.86
1.127	59.88
1.137	59.55
1.147	59.95
1.157	60.04
1.167	60
1.177	59.99
1.187	59.9
1.197	59.43
1.207	59.37
1.217	59.52
1.227	59.95
1.237	59.94
1.247	59.11
1.257	59.78
1.267	60.1
1.277	60.05
1.287	59.32
1.297	59.24
1.327	121.76
1.337	121.37
1.347	120.38
1.357	119.9
1.367	119.91
1.377	119.93
1.387	119.24
1.397	110.03
1.407	101.42
1.417	97.95
1.427	95.48
1.437	94.32
1.447	94.73
1.457	94.85
1.467	94.3
1.477	186.18
1.487	184.8
1.497	183.89
1.507	183.22
1.517	183.04
1.527	183.29
1.537	182.76
1.547	181.79
1.557	181.09
1.567	180.28
1.577	178.55
1.587	176.95
1.597	177.39
1.607	177.76
1.617	177.3
1.627	176.34
1.637	175.34
1.647	174.79
1.657	174.78
1.667	174.86
1.677	174.92
1.687	175.13
1.697	175.17
1.707	174.45
1.717	173.43
1.727	173.23
1.737	173.5
1.747	173.01
1.757	171.88
1.767	171.06
1.777	170.62
1.787	169.86
1.797	169.01
1.807	169.8
1.817	169.88
1.827	169.07
1.837	168.14
1.847	167.49
1.857	167.03
1.867	166.51
1.877	166.38
1.887	166.36
1.897	166.17
1.907	165.69
1.917	164.14
1.927	162.67
1.937	162.29
1.947	162.51
1.957	162.05
1.967	112.9
1.977	120.58
1.987	121.31
1.997	115.04
2.007	112.75
2.017	113.75
2.027	117.47
2.037	116.93
2.047	113.83
2.057	114.08
2.067	121.76
2.077	119.84
2.087	119.42
2.097	119.78
2.107	119.4
2.117	119.25
2.127	119.35
2.137	119
2.147	119.3
2.157	121.5
2.167	121.64
2.177	119.97
2.187	119.87
2.197	118.07
2.207	118.24
2.217	118.55
2.227	119.52
2.237	119.51
2.247	119.83
2.257	122.21
2.267	121.78
2.277	118.97
2.287	118.69
2.297	121.52
2.307	121.32
2.327	59.88
2.337	59.84
2.347	60.27
2.357	60.27
2.367	59.71
2.377	59.67
2.387	58.62
2.397	59.12
2.407	60.56
2.417	61.02
2.427	60.93
2.437	59.81
2.447	59.25
2.457	59.67
2.467	59.83
2.477	59.9
2.487	118.43
2.497	118.61
2.507	118.75
2.517	120.29
2.527	120.13
2.537	119.75
2.547	119.56
2.557	120.02
2.567	121.93
2.577	121.86
2.587	121.42
2.597	119.93
2.607	119.58
2.617	119.79
2.627	120.05
2.637	120.72
2.647	121.89
2.657	121.41
2.667	120.74
2.677	120.66
2.687	118.11
2.697	116.29
2.707	116.78
2.717	120.04
2.727	120.12
2.737	120
2.747	119.16
2.757	117.74
2.767	119.16
2.777	121.59
2.787	122.85
2.797	117.53
2.807	117.98
2.817	118.59
2.827	119.35
2.837	120.04
2.847	120.12
2.857	120.53
2.867	120.4
2.877	119.88
2.887	118.9
2.897	118.36
3.017	104
3.027	106.9
3.037	107.52
3.047	108.23
3.057	109.05
3.067	110
3.077	110.56
3.087	110.39
3.097	109.91
3.107	109.47
3.117	108.56
3.127	107.34
3.137	105.02
3.157	197.39
3.167	203.13
3.177	204.72
3.187	204.97
3.197	194.27
3.207	194.33
3.217	195.52
3.227	205.08
3.237	209.23
3.247	211.29
3.257	212.14
3.267	211.94
3.277	210.96
3.287	209.58
3.297	207.74
3.307	203.65
3.317	197.55
3.327	192.35
3.617	178.27
3.627	173.87
3.637	171.75
3.647	170.78
3.657	171.27
3.667	172.68
3.677	172.82
3.687	168.93
3.827	88.93
3.837	90.03
3.847	90.71
3.857	90.41
3.867	90.2
3.877	90.64
3.887	90.81
3.897	90.09
3.907	89.75
3.917	89.58
3.927	89.48
3.937	89.54
3.947	89.86
3.957	90.1
3.967	89.92
3.977	89.78
3.987	59.53
3.997	59.77
4.007	59.91
4.047	90.67
4.057	90.3
4.067	90.74
4.077	91.25
4.087	91.44
4.097	92.09
4.107	92.34
4.117	91.78
4.127	91.43
4.137	91.97
4.147	92.83
4.157	92.68
4.167	186.25
4.177	196.86
4.187	201.83
4.197	199.92
4.207	197.89
4.217	198.2
4.227	198.67
4.237	197.71
4.247	197.8
4.257	199.74
4.267	201.62
4.277	205.25
4.287	210.07
4.297	106.5
4.307	108.27
4.317	111.47
4.327	113.08
4.337	113.35
4.347	114.77
4.357	115.11
4.367	114.13
4.377	114.75
4.387	115.41
4.397	115.45
4.407	115.29
4.417	115.05
4.427	114.57
4.437	114.08
4.447	114.13
4.457	91.43
4.467	90.93
4.477	91.3
4.487	92.98
4.497	94.13
4.507	93.35
4.517	89.52
4.527	87.7
4.537	88.27
4.547	88.95
4.557	89.49
4.567	90.06
4.577	90.43
4.587	90.27
4.727	116.11
4.737	114.42
4.747	114.08
4.757	115.57
4.767	117.54
4.777	116.08
4.787	116.22
4.797	120.27
4.807	120.72
4.817	119.29
4.827	119.31
4.837	119.35
4.847	119.07
4.857	118.02
4.867	117.57
4.877	119.11
4.887	119.97
4.897	119.85
4.907	119.64
4.917	119.04
4.927	119.19
4.937	119.13
4.947	117.93
4.957	117.29
4.967	117.23
4.977	117.34
4.987	117.88
4.997	118.15
5.007	119.1
5.017	119.56
5.027	120.14
5.037	123.82
5.047	121.96
5.057	122.14
5.067	122.64
5.077	122
5.087	119.9
5.097	119.59
5.107	119.29
5.117	119.1
5.127	120.52
5.137	124.74
5.147	124.79
5.157	120.85
5.167	119.93
5.177	120.12
5.187	119.66
5.197	119.12
5.207	120.11
5.217	121.94
5.227	120.26
5.237	119.74
5.247	121.24
5.257	122.06
5.267	119.48
5.277	119.53
5.287	121.06
5.297	120.97
5.307	121.08
5.317	121.53
5.327	121.93
5.337	120.42
5.347	120.26
5.377	59.71
5.387	59.64
5.397	59.99
5.407	59.98
5.417	59.98
5.677	59.81
5.687	59.87
5.697	59.85
5.707	59.83
5.717	60.19
5.727	59.29
5.737	59.41
5.747	59.63
5.757	60.64
5.767	60.14
5.777	59.58
5.787	59.42
5.797	60.58
5.807	60.54
5.817	60.39
5.827	60.45
5.837	60.45
5.847	119.08
5.857	118.9
5.867	121.26
5.877	121.33
5.887	121.42
5.897	121.01
5.907	119.8
5.917	120.69
5.927	121.03
5.937	122.26
6.027	60.98
6.037	60.84
6.047	60.65
6.057	60.33
6.067	60.22
6.077	60.38
6.087	60.44
6.097	60.55
6.107	60.2
6.117	59.51
6.167	88.08
6.177	87.54
6.187	87.02
6.197	86.55
6.207	87.16
6.217	87.93
6.227	88.28
6.237	88.46
6.297	111.49
6.307	108.01
6.317	106.41
6.327	106.92
6.337	107.74
6.347	110.02
6.357	110.78
6.367	110.58
6.377	110.78
6.387	112.03
6.397	113.63
6.407	114.88
6.417	116.9
6.427	118.05
6.437	117.32
6.447	116.34
6.457	116.77
6.467	117.43
6.477	117.76
6.487	118.96
6.497	120.55
6.507	119.24
6.517	118.46
6.527	118.96
6.537	119.81
6.547	119.8
6.577	50.45
6.587	50.46
6.597	63.53
6.607	63.49
6.617	62.13
6.627	61.27
6.637	60.4
6.647	59.9
6.657	60.15
6.667	60.52
6.677	60.55
6.687	60.66
6.697	60.95
6.707	61.21
6.717	86.35
6.727	86.66
6.737	87.15
6.747	87.19
6.757	87.02
6.767	87.4
6.777	88.07
6.787	88.4
6.797	88.79
6.807	89.26
6.817	89.61
6.827	89.94
6.837	90.17
6.847	90.16
6.857	89.98
6.867	89.6
6.877	89.02
6.887	88.73
6.897	88.62
6.907	88.54
6.917	88.57
6.927	88.46
6.937	88.26
6.947	88.36
6.957	88.71
6.967	89.1
6.977	89.22
6.987	88.71
6.997	88.33
7.007	89.31
7.017	90.61
7.027	91.13
7.037	89.7
7.047	87.77
7.057	87.63
7.067	87.49
7.077	87.78
7.087	88.73
7.097	89.2
7.107	88.42
7.117	87.53
7.127	87.24
7.137	87.41
7.147	87.8
7.157	88.24
7.167	88.64
7.177	88.78
7.187	88.36
7.197	87.72
7.207	87.8
7.267	92.45
7.277	92.01
7.287	92.33
7.297	92.64
7.307	92.17
7.317	91.6
7.327	91.72
7.337	91.42
7.347	91.4
7.357	91.83
7.367	91.81
7.377	91.48
7.387	91.3
7.397	57.88
7.407	57.89
7.417	58.04
7.427	58.15
7.437	58.32
7.447	58.59
7.457	58.84
7.467	58.97
7.477	58.88
7.487	60.39
7.497	60.93
7.507	60.86
7.517	59.49
7.527	58.83
7.537	58.83
7.547	59.36
7.557	59.25
7.567	59.08
7.577	59.17
7.587	59.68
7.597	60.3
7.607	60.84
7.617	60.4
7.627	59.88
7.637	59.9
7.647	59.88
7.657	59.87
7.667	60.63
7.677	60.48
7.687	59.62
7.697	59.55
7.707	59.79
7.717	60.2
7.727	60.35
7.737	59.94
7.747	59.4
7.757	60.04
7.767	60.51
7.777	59.93
7.787	59.58
7.797	59.96
7.807	60.57
7.817	60.06
7.827	59.56
7.837	59.52
7.847	59.9
7.857	59.94
7.867	59.9
7.877	60.01
7.887	60.4
7.897	60.6
7.907	60.89
7.917	60.08
7.927	59.44
7.937	59.52
7.947	60.08
7.957	60.43
7.967	60.09
7.977	59.81
7.987	59.76
7.997	59.65
8.007	59.73
8.017	60.08
8.047	120.92
8.057	119.72
8.067	119.57
8.077	119.02
8.087	118.69
8.097	120.16
8.107	119.82
8.117	119.54
8.127	119.67
8.157	59.49
8.167	59.68
8.267	121.19
8.277	121.66
8.287	120.63
8.297	119.57
8.307	119.83
8.317	121.27
8.347	120.78
8.357	121.51
8.367	121.02
8.377	119.06
8.387	119.56
8.397	120.16
8.407	119.54
8.417	119.6
8.427	120.71
8.437	120.89
8.467	59.17
8.477	60.19
8.487	60.63
8.497	60.38
8.507	60.1
8.517	59.83
8.527	60.11
8.537	59.6
8.547	59.43
8.557	59.98
8.567	60.03
8.577	59.64
8.587	60.2
8.597	60.64
8.607	60.84
8.617	60.31
8.627	59.8
8.637	59.81
8.647	60.23
8.657	60.7
8.667	60.12
8.677	59.98
8.687	60.07
8.697	60.13
8.707	59.92
8.717	60.02
8.727	59.86
8.737	59.61
8.747	60.1
8.757	60.53
8.767	60.23
8.777	60.01
8.787	59.97
8.797	59.86
8.807	59.37
8.817	58.09
8.827	57.97
8.877	60.41
8.887	60.51
8.897	60.34
8.907	59.99
8.917	60.4
8.927	61.07
8.937	60.29
8.947	60.04
9.017	88.2
9.027	88.16
9.037	88.55
9.047	88.84
9.227	90.63
9.237	90.37
9.247	90.12
9.257	90.2
9.267	90.97
9.277	91.82
9.287	92.71
9.297	93.18
9.307	93.6
9.317	94.32
9.327	95.67
9.337	96.85
9.347	106.27
9.357	105.7
9.367	106.33
9.377	108.5
9.387	111.54
9.397	115.67
9.407	119.3
9.417	117.45
9.427	114.26
9.437	114.17
9.447	122.14
9.457	124.72
9.467	126.02
9.477	126.09
9.487	125.67
9.497	126.07
9.507	127.74
9.517	128.59
9.527	128.04
9.537	127.65
9.547	127.26
9.557	125.99
9.567	125.06
9.577	124.6
9.587	124.2
9.597	124.53
9.607	125.01
9.617	124.94
9.627	124.64
9.637	124.63
9.647	125.11
9.657	124.63
9.667	123.03
9.677	120.53
9.687	120.65
9.697	121.49
9.707	122.18
9.717	122.93
9.727	122.15
9.737	120.18
9.747	119.71
9.757	121.58
9.767	121.59
9.777	119.28
9.787	117.9
9.797	120.21
9.807	120.54
9.817	120.27
9.827	119.62
9.837	119.63
9.847	120.43
9.857	120.99
9.867	120.86
9.877	120.22
9.887	119.9
9.897	121.19
9.907	121.26
9.917	121.43
9.927	120.93
9.937	119.32
9.947	119.07
9.957	118.47
9.967	116.48
9.977	116.57
9.987	117.52
9.997	119.22
10.007	121.15
10.017	120.82
10.027	121.69
10.037	121.33
10.047	119.9
10.057	119.55
10.067	120.59
10.077	120.9
10.087	120.23
10.097	120.44
10.107	121.94
10.117	121.98
10.127	120.76
10.137	120
10.177	59.63
10.187	59.49
10.197	59.67
10.207	59.68
10.217	59.79
10.227	60.74
10.237	60.24
10.247	59.65
10.277	120.47
10.287	120.97
10.297	121.4
10.307	120.12
10.317	119.02
10.327	118.86
10.337	119.44
10.347	119.73
10.357	119.47
10.367	119.67
10.377	121.51
10.387	122.3
10.397	119.21
10.407	118.99
10.417	120.47
10.427	120.67
10.437	120.11
10.447	119.69
10.457	119.83
10.467	120.2
10.477	120.34
10.487	120.17
10.497	120.95
10.507	121.25
10.517	120.59
10.527	119.37
10.537	120.46
10.547	120.75
10.557	120.7
10.567	120.33
10.577	118.36
10.587	120.23
10.597	121.15
10.607	120.93
10.617	120.54
10.627	121.58
10.637	121.76
10.647	119.83
10.657	119.62
10.667	118.46
10.677	118.49
10.687	120.62
10.697	121.27
10.707	120.94
10.717	120.55
10.727	120.4
10.737	120.41
10.747	118.6
10.757	118.57
10.767	118.7
10.787	60.13
10.797	60.09
10.807	60.1
10.817	60.14
10.827	60.05
10.837	60.13
10.847	60.34
10.857	60.12
10.867	59.52
10.877	59.57
10.927	66.2
10.937	66.05
10.947	65.75
10.957	65.55
10.967	65.55
10.977	94.71
10.987	94.24
10.997	94.08
11.007	93.8
11.017	93.53
11.027	93.2
11.037	61.6
11.047	61.06
11.057	60.87
11.067	61.06
11.077	61.13
11.087	61.15
11.097	61.34
11.107	61.76
11.117	62.19
11.127	62.1
11.137	61.34
11.147	60.75
11.157	61.23
11.167	61.97
11.177	62.21
11.187	62.16
11.197	92.98
11.207	92.37
11.217	91.41
11.227	91.05
11.237	91.21
11.247	91.5
11.257	91.41
11.267	61.1
11.277	60.63
11.287	60.33
11.297	60.9
11.307	61.38
11.317	61.37
11.327	61.5
11.337	61.42
11.347	60.88
11.357	60.61
11.367	60.62
11.377	60.85
11.387	61.47
11.397	61.89
11.407	61.41
11.417	60.77
11.427	60.49
11.437	60.41
11.447	60.52
11.457	61.02
11.467	61.32
11.477	60.83
11.487	60.58
11.497	60.73
11.507	61.29
11.517	61.59
11.527	60.38
11.537	59.95
11.547	60.09
11.557	60.72
11.567	60.62
11.577	60.05
11.587	60.05
11.597	60.19
11.607	60.49
11.617	60.41
11.627	59.97
11.637	59.92
11.647	59.98
11.657	60.04
11.667	59.71
11.677	59.41
11.687	59.8
11.697	60.54
11.707	60.46
11.717	59.98
11.727	60.34
11.737	60.37
11.747	60.13
11.757	59.77
11.767	59.8
11.777	60.2
11.787	60.32
11.797	60.18
11.807	60.03
11.817	59.69
11.827	59.42
11.837	59.51
11.847	60.27
11.857	59.82
11.867	59.36
11.877	60
11.887	60.08
11.897	59.71
11.907	59.89
11.917	60.17
11.927	59.89
11.937	59.71
12.007	59.57
12.017	59.48
12.027	60
12.037	60.17
12.047	60.13
12.057	60
12.067	59.94
12.077	60.3
12.087	60.26
12.097	60.19
12.107	60.28
12.117	60.11
12.127	59.27
12.137	59.87
12.147	60.43
12.157	60
12.167	59.05
12.217	59.41
12.227	59.68
12.237	60.04
12.247	59.9
12.257	59.7
12.267	59.55
12.277	59.79
12.287	60.22
12.297	60.28
12.307	60.12
12.317	59.91
12.327	60.21
12.337	60.32
12.347	59.51
12.357	59.5
12.367	60.12
12.377	60.45
12.387	60.47
12.397	60.35
12.407	60.18
12.417	60.17
12.427	60.54
12.437	60.13
12.447	59.7
12.457	59.82
12.467	60.27
12.477	60.11
12.487	59.63
12.497	59.09
12.507	59.44
12.517	60.13
12.527	60.92
12.537	60.22
12.547	59.31
12.557	59.65
12.567	60.39
12.577	60.1
12.587	59.12
12.597	59.87
12.607	60.89
12.617	60.78
12.627	59.67
12.637	59.58
12.647	60.11
12.657	60.19
12.667	59.57
12.677	60.29
12.687	60.78
12.697	60.28
12.717	119.85
12.727	119.81
12.737	119.28
12.747	119.75
12.757	123.09
12.767	121.41
12.797	120.91
12.807	120.3
12.817	120.35
12.827	120.46
12.877	117.88
12.887	119.8
12.907	59.81
12.917	58.58
12.927	59.38
12.977	60.73
12.987	61
12.997	60.3
13.007	59.63
13.017	59.48
13.027	59.47
13.037	59.91
13.067	119.28
13.077	119.07
13.087	120.36
13.097	120.79
13.107	120.6
13.117	120.74
13.127	121.05
13.137	120.82
13.147	120.7
13.157	120.25
13.167	119.66
13.177	119.91
13.207	59.71
13.217	59.75
13.227	59.82
13.237	60.09
13.247	60.24
13.257	60.74
13.267	60.89
13.277	59.87
13.287	59.2
13.297	59.28
13.307	60.22
13.317	60.39
13.327	60.38
13.367	59.86
13.377	59.79
13.387	60.03
13.397	60.89
13.407	59.92
13.417	59.17
13.427	59.46
13.437	60.46
13.447	60.44
13.457	59.59
13.467	59.54
13.477	59.62
13.527	121.12
13.537	120.97
13.547	121.17
13.557	121.01
13.577	59.47
13.587	59.84
13.597	60.36
13.607	60.31
13.617	59.69
13.627	59.69
13.637	59.95
13.717	120.37
13.727	120.3
13.737	119.41
13.747	119.17
13.787	179.34
13.797	176.8
13.807	174.73
13.817	172.29
13.827	171.43
13.837	172.03
13.847	172.46
13.857	171.93
13.867	171.22
13.877	171.13
13.887	171.61
13.897	172.28
13.907	172.96
13.917	174.62
13.927	174.31
13.937	173.23
13.947	172.63
13.957	171.99
13.967	171.34
13.977	171.78
13.987	184.35
13.997	185.24
14.007	183.39
14.017	181.1
14.027	180.64
14.037	181.03
14.047	181.17
14.057	181.08
14.067	180.79
14.077	180.01
14.087	179.46
14.097	179.14
14.107	178.72
14.117	178.48
14.127	178.65
14.147	212.16
14.157	206.74
14.167	202.38
14.177	199.63
14.187	200.34
14.197	201.45
14.207	201.99
14.217	205.79
14.227	209.93
14.237	106.55
14.247	107.48
14.257	107.36
14.267	106.72
14.277	106.28
14.287	105.86
14.297	105.42
14.307	105.24
14.317	105.36
14.327	105.41
14.337	105.27
14.347	105.33
14.357	105.58
14.367	105.29
14.377	105.07
14.387	106.4
14.397	106.71
14.407	211.41
14.417	208.71
14.427	206.27
14.437	205.99
14.447	206.52
14.457	203.89
14.467	201.36
14.477	200.98
14.487	99.32
14.497	98.42
14.507	98.2
14.517	97.89
14.527	97.04
14.537	95.94
14.547	95.3
14.557	95.04
14.567	94.55
14.577	93.49
14.587	91.82
14.597	89.78
14.607	87.36
14.617	86.38
14.627	85.49
14.637	84.83
14.647	84.86
14.657	85.28
14.667	85.36
14.677	84.84
14.687	84.55
14.707	191.93
14.717	184.6
14.727	179.49
14.737	175.64
14.747	175.41
14.757	176.87
14.767	177.22
14.777	175.72
14.787	175.84
14.797	170.74
14.807	170.85
14.967	98.3
14.977	98.12
14.987	98.09
14.997	98.88
15.007	99.74
15.017	100.18
15.027	100.17
15.037	99.8
15.047	99.97
15.057	100.6
15.067	102.35
15.077	105
15.087	106.55
15.097	107.28
15.107	107.47
15.117	107.27
15.127	106.58
15.137	105.29
15.147	104.19
15.157	103.34
15.167	104.85
15.177	104.93
15.187	104.92
15.197	105.05
15.207	105.25
15.217	105.31
15.227	105.32
15.237	105.23
15.247	105.03
15.257	107.35
15.267	107.49
15.277	107.67
15.287	107.73
15.297	107.67
15.307	107.61
15.317	116.84
15.327	117.05
15.337	118.25
15.347	118.24
15.357	119.33
15.367	119.16
15.377	118.74
15.387	118.63
15.397	118.91
15.407	119.14
15.417	118.76
15.427	118.54
15.437	118.66
15.447	118.82
15.457	120.92
15.467	120.46
15.477	120.4
15.487	121.38
15.497	121.58
15.507	121.69
15.517	121.61
15.527	121.42
15.537	121.41
15.547	121.18
15.557	120.8
15.567	120.76
15.577	121.04
15.587	123.13
15.597	120.65
15.607	119.68
15.617	120.69
15.627	121.47
15.637	121.02
15.647	118.88
15.657	118.99
15.667	120.52
15.737	59.76
15.747	59.7
15.757	85.1
15.767	84.99
15.777	85.15
15.787	84.66
15.797	167.45
15.807	165.78
15.817	164.56
15.937	210.94
15.947	208
15.957	207.74
15.967	207.52
15.977	206.93
15.987	206.34
15.997	205.76
16.007	204.94
16.017	204.24
16.027	203.69
16.037	203.25
16.047	202.39
16.057	200.89
16.067	200.01
16.077	198.74
16.087	195.11
16.097	189.06
16.107	187.06
16.117	184.43
16.127	181.95
16.137	182.41
16.147	184.08
16.157	182.26
16.167	87.24
16.177	86.02
16.187	85.68
16.197	85.71
16.207	85.63
16.217	85.29
16.227	85.39
16.237	85.37
16.247	85.01
16.257	85.35
16.267	85.52
16.277	85.27
16.287	85.1
16.297	85.04
16.307	85.18
16.317	85.68
16.327	59.05
16.337	59.2
16.347	59.14
16.357	59.25
16.367	59.3
16.377	58.89
16.387	58.77
16.397	58.85
16.407	59.1
16.417	59.24
16.427	58.82
16.437	58.61
16.447	58.42
16.457	58.24
16.467	58.47
16.477	59
16.487	59.47
16.497	59.9
16.507	59.68
16.517	59.14
16.527	59.31
16.537	59.41
16.547	59.43
16.557	59.42
16.567	59.28
16.577	59.33
16.587	59.97
16.597	59.93
16.607	59.47
16.617	59.57
16.627	60.18
16.637	59.99
16.647	59.74
16.657	59.8
16.667	60.28
16.677	60.2
16.687	59.7
16.697	59.8
16.707	59.9
16.717	59.33
16.727	59.3
16.737	60.43
16.747	60.05
16.757	59.73
16.767	59.71
16.777	59.69
16.787	59.4
16.797	59.71
16.807	59.83
16.817	60.51
16.827	60.44
16.837	59.37
16.847	58.91
16.857	59.76
16.867	60.31
16.877	60.18
16.887	60.1
16.897	60.45
16.907	60.86
16.917	60.45
16.927	59.88
16.937	59.75
16.947	59.85
16.957	60.13
16.967	60.72
16.977	60.66
16.987	59.64
16.997	59.45
17.007	60.14
17.017	60.76
17.027	60.59
17.097	59.88
17.107	60.03
17.117	59.96
17.127	59.92
17.137	60.02
17.147	60.03
17.157	59.99
17.167	59.74
17.177	59.58
17.187	59.91
17.197	60.46
17.207	60.36
17.217	59.78
17.227	59.91
17.237	59.87
17.247	59.9
17.257	60.29
17.267	59.93
17.277	59.85
17.287	59.98
17.297	59.87
17.307	59.86
17.317	60.58
17.327	60.56
17.337	59.98
17.347	59.53
17.357	59.68
17.367	60.25
17.377	60.25
17.387	59.94
17.397	59.51
17.407	59.51
17.417	59.92
17.437	120.72
17.447	120.21
17.457	118.85
17.467	120.08
17.477	121.42
17.527	59.37
17.537	59.75
17.547	59.87
17.557	59.87
17.567	59.81
17.577	59.55
17.637	60.33
17.647	60.22
17.657	59.79
17.667	60.16
17.677	59.66
17.687	59.09
17.697	59.47
17.707	60.21
17.717	60.53
17.727	60.21
17.737	60.31
17.747	60.31
17.757	60.14
17.767	59.77
17.777	59.64
17.787	59.86
17.797	60.49
17.807	60.18
17.817	60.12
17.907	89.55
17.917	88.73
17.927	88.29
17.937	87.66
17.947	87.25
17.957	87.3
17.967	87.32
17.977	87.07
17.987	86.62
17.997	86.23
18.007	85.85
18.017	85.57
18.027	85.38
18.037	85.28
18.047	85.25
18.057	85.11
18.067	84.84
18.077	84.98
18.087	85.07
18.097	84.69
18.107	58.14
18.117	57.75
18.127	57.63
18.137	57.84
18.147	58.22
18.157	58.43
18.167	58.37
18.177	58.23
18.187	58.19
18.197	58.26
18.207	58.43
18.217	58.54
18.227	58.36
18.237	58.16
18.247	58.14
18.257	58.19
18.267	58.28
18.277	58.23
18.287	58.01
18.297	57.76
18.307	57.71
18.317	57.86
18.327	58.08
18.337	58.24
18.347	58.8
18.357	58.92
18.367	58.94
18.377	58.7
18.387	58.43
18.397	58.41
18.407	58.4
18.417	58.46
18.427	59.42
18.437	60.12
18.447	60.11
18.457	59.58
18.467	59.53
18.477	59.9
18.497	119.78
18.507	119.16
18.517	118.67
18.527	118.28
18.537	118.81
18.547	121.41
18.557	120.76
18.567	119.47
18.587	119.73
18.597	121.26
18.627	60.11
18.637	60.11
18.647	59.96
18.657	59.95
18.667	59.98
18.677	60.05
18.687	60.33
18.697	60.1
18.707	59.79
18.717	60.08
18.727	60.5
18.737	60.14
18.747	59.62
18.757	59.66
18.767	59.93
18.777	60.19
18.787	60.31
18.797	60.43
18.807	60.26
18.817	59.28
18.867	120.6
18.877	119.55
18.887	119.84
18.897	120.86
18.907	121.94
18.917	121.09
18.967	120.11
18.977	119.81
18.987	119.44
18.997	119.67
19.007	120.09
19.017	119.6
19.027	119.4
19.037	119.94
19.077	59.9
19.087	60.45
19.097	59.41
19.107	59.27
19.117	59.6
19.127	59.97
19.137	60.13
19.147	60.32
19.157	60.23
19.197	59.34
19.207	59.32
19.217	59.26
19.237	119.85
19.247	121.37
19.257	122.35
19.267	122.28
19.277	120.74
19.287	120.26
19.297	120.51
19.307	123.04
19.317	121.48
19.327	120.5
19.347	59.7
19.357	60.25
19.367	59.78
19.377	59.8
19.427	59.53
19.437	60.64
19.447	60.54
19.457	59.52
19.467	59.03
19.477	60.07
19.487	60.75
19.497	60.86
19.507	60.53
19.517	59.91
19.527	60.02
19.537	60.26
19.547	60.15
19.557	59.55
19.567	59.95
19.577	60.08
19.587	59.97
19.597	59.65
19.607	59.62
19.617	59.83
19.627	60.43
19.637	60.79
19.647	60.35
19.657	60.53
19.667	60.9
19.677	59.89
19.687	58.35
19.697	58.78
19.707	59.5
19.717	59.64
19.727	60.17
19.737	60.15
19.747	59.66
19.767	122.41
19.777	122.01
19.787	119.81
19.797	119.81
19.807	119.87
19.817	119.82
19.827	119.75
19.837	120.15
19.847	120.1
19.857	118.28
19.867	119.88
19.877	120.48
19.887	120.68
19.897	119.8
19.907	118.62
19.917	118.54
19.957	120.37
19.967	118.17
19.977	118.57
20.007	60.08
20.017	59.87
20.027	59.62
20.037	59.57
20.047	59.86
20.057	59.93
20.067	59.88
20.077	60.6
20.087	60.7
20.097	60.75
20.107	60.26
20.117	59.77
20.127	59.88
20.137	60.38
20.147	60.76
20.157	60.16
20.167	59.49
20.177	59.49
20.187	60.02
20.197	60.05
20.207	60.12
20.217	60.1
20.227	59.52
20.237	59.52
20.247	59.54
20.257	60.09
20.267	60.62
20.277	60.15
20.287	59.56
20.297	59.65
20.307	59.84
20.317	59.88
20.327	60.26
20.337	60.35
20.347	59.8
20.367	121.06
20.377	121.66
20.387	121.06
20.397	119.32
20.407	119.04
20.417	118.88
20.427	120.67
20.437	122.65
20.447	122.47
20.457	122.71
20.467	120.8
20.477	119.21
20.487	119.44
20.497	121.53
20.547	59.33
20.557	59.25
20.567	60.56
20.577	61.11
20.587	60.5
20.597	59.6
20.607	59.68
20.617	59.86
20.627	59.76
20.637	59.54
20.647	59.38
20.657	59.4
20.667	60.48
20.677	60.74
20.687	60.24
20.697	60.34
20.707	60.34
20.717	59.37
20.727	59.47
20.737	60.56
20.747	60.96
20.757	60.52
20.767	60.28
20.777	59.77
20.787	59.73
20.797	59.96
20.807	59.82
20.817	59.53
20.827	60.52
20.837	60.96
20.847	59.96
20.857	59.34
20.867	59.76
20.877	60.54
20.887	60.5
20.897	59.94
20.907	59.55
20.917	59.39
20.927	59.4
20.937	59.77
20.947	60.08
20.957	60.58
20.967	60.75
20.977	60.61
20.987	59.82
20.997	59.56
21.007	59.42
21.017	59.78
21.027	59.77
21.037	60.39
21.047	60.66
21.057	59.59
21.067	59.07
21.077	59.78
21.087	59.91
21.097	59.86
21.107	59.67
21.117	59.64
21.127	60.2
21.137	60.79
21.147	60.07
21.157	59.74
21.167	59.9
21.177	60.17
21.187	59.6
21.197	59.46
21.207	60.22
21.217	60.26
21.227	59.88
21.237	60.2
21.247	59.97
21.257	59.46
21.267	59.69
21.277	59.8
21.287	60.1
21.297	60.4
21.307	59.6
21.317	59.42
21.327	60.07
21.337	60.39
21.347	60.19
21.357	59.94
21.387	119.86
21.397	119.16
21.407	118.64
21.417	118.75
21.427	120.55
21.437	122.71
21.447	122.26
21.457	119.51
21.467	119.83
21.497	117.42
21.507	118.25
21.517	120.62
21.527	121.95
21.537	120.9
21.547	120.25
21.557	120.03
21.567	119.48
21.577	119.68
21.587	120.2
21.607	59.23
21.617	58.74
21.627	59.26
21.637	60.64
21.647	60.55
21.657	59.73
21.667	59.2
21.677	59.49
21.687	60.28
21.697	60.37
21.707	60.1
21.717	59.86
21.727	59.88
21.737	60.39
21.747	60.3
21.757	59.8
21.807	119.74
21.817	120.15
21.827	120.65
21.837	121.53
21.847	122.01
21.857	120.81
21.867	120.29
21.877	119.68
21.887	119.01
21.977	60.55
21.987	60.54
21.997	60.03
22.007	59.53
22.017	60.4
22.027	60.35
22.037	59.75
22.047	60.25
22.057	60.33
22.067	60.14
22.077	59.71
22.087	59.69
22.097	59.36
22.107	59.54
22.117	60.25
22.127	60.8
22.137	60.79
22.147	60.51
22.157	59.82
22.167	59.72
22.177	59.81
22.187	59.85
22.197	59.47
22.207	59.58
22.217	121.16
22.227	122.72
22.237	120.75
22.247	120.14
22.257	120.47
22.267	120.03
22.277	122.02
22.287	119.75
22.297	118.7
22.307	119.55
22.317	123.59
22.327	124.59
22.337	123.06
22.347	120.78
22.357	120.82
22.367	120.53
22.377	120.1
22.387	119.95
22.397	120.16
22.407	120.55
22.417	122.18
22.427	126.9
22.437	139.24
22.447	141.73
22.457	141.66
22.467	142.75
22.477	144.48
22.487	142.69
22.497	139.1
22.507	138.66
22.597	105.73
22.607	105.51
22.617	105.78
22.627	105.57
22.637	105.22
22.647	107.47
22.657	108.08
22.667	106.93
22.677	104.96
22.717	55.85
22.727	56.69
22.737	59.07
22.747	59.06
23.077	105.05
23.087	103.86
23.097	102.68
23.127	195.11
23.137	190.26
23.147	188.56
23.157	187.15
23.167	185.39
23.177	183.94
23.187	182.41
23.197	180.63
23.207	180.48
23.217	181.5
23.227	181.66
23.237	180.33
23.247	179.61
23.257	180.38
23.267	182.02
23.277	181.64
23.287	179.93
23.297	177.88
23.307	175.94
23.317	175.33
23.327	175.24
23.337	175.33
23.347	175.39
23.357	174.28
23.367	173.11
23.377	174.1
23.387	174.22
23.397	174.17
23.407	174.8
23.417	176.55
23.427	177.88
23.437	178.27
23.507	111.13
23.517	110.94
23.527	110.07
23.537	109.28
23.547	108.87
23.927	61.01
23.937	59.13
23.947	59.34
23.957	59.62
23.967	59.53
24.067	181.66
24.077	179.66
24.087	178.36
24.097	180.14
24.107	182.25
24.117	179.55
24.127	175.07
24.137	175.4
24.147	178.6
24.157	179.83
24.167	181.22
24.177	184.41
24.187	196.67
24.197	195.58
24.207	188.26
24.217	183.44
24.227	180.8
24.237	179.32
24.247	179.1
24.257	180.1
24.267	180.59
24.277	180.41
24.287	182.21
24.297	190.64
24.307	196.32
24.317	199.29
24.327	201.29
24.337	202.31
24.347	201.47
24.357	200.38
24.367	201.72
24.377	203.02
24.387	202.12
24.397	200.34
24.407	200.23
24.417	200.28
24.427	198.43
24.437	195.53
24.447	194.88
24.457	195.72
24.467	197.3
24.477	197.97
24.487	197.69
24.497	197.28
24.507	198.38
24.517	200.26
24.527	200.45
24.537	196.48
24.547	192.05
24.557	192.24
24.567	194.86
24.607	87.05
24.617	86.88
24.627	85.89
24.637	85.32
24.647	86.01
24.657	174.69
24.667	173.85
24.677	173.15
24.687	173.1
24.697	173.3
24.707	173.55
24.717	173.75
24.727	173.81
24.737	174.05
24.747	174.37
24.757	174.81
24.767	176.25
24.777	178.9
24.787	182.56
24.797	186.12
24.807	188.63
24.817	188.36
24.827	186.54
24.837	186.23
24.847	186.37
24.857	185
24.867	183.17
24.877	182.39
24.887	182.07
24.897	181.12
24.907	178.87
24.917	178.47
24.927	179.12
24.937	182.2
24.947	184.13
24.987	88.07
24.997	87.65
25.007	87.77
25.017	88.48
25.027	88.5
25.037	88.79
25.047	89.25
25.057	89.34
25.217	202.1
25.227	194.5
25.237	193.98
25.247	193.91
25.257	198.98
25.267	202.46
25.277	203.86
25.287	204.17
25.297	204.31
25.307	205.53
25.317	207.47
25.327	208.1
25.337	208.42
25.347	209.6
25.357	211.36
25.367	106.17
25.377	106.64
25.387	107.28
25.397	107.33
25.407	106.53
25.417	211.52
25.427	210.9
25.437	210.52
25.447	210.12
25.457	209.71
25.467	209.51
25.477	208.19
25.487	203.83
25.497	198.24
25.507	192.36
25.517	186.61
25.527	181.68
25.537	178.95
25.627	166.21
25.637	166.24
25.647	165.86
25.657	165.9
25.667	165.72
25.677	165.03
25.687	164.62
25.697	164.14
25.707	163.87
25.717	164.32
25.727	164.25
25.737	163.64
25.747	163.2
25.757	163.37
25.767	164.38
25.777	165.02
25.827	61.08
25.837	61.08
25.847	61.04
25.857	61.09
25.867	61.19
25.877	61.22
25.887	60.14
25.897	60.01
25.907	59.86
25.917	60.68
25.927	60.72
25.937	60.66
25.947	59.92
25.957	59.99
25.967	60.33
25.977	60.32
25.987	59.89
25.997	59.58
26.007	59.74
26.017	59.83
26.027	59.38
26.037	59.47
26.047	59.68
26.057	59.67
26.067	59.63
26.077	59.75
26.087	59.84
26.097	59.83
26.107	59.87
26.117	61.19
26.127	61.09
26.137	61.13
26.147	59.35
26.157	59.46
26.167	59.55
26.177	59.5
26.187	59.49
26.197	59.56
26.207	60.06
26.217	60.27
26.227	60.55
26.237	59.49
26.247	59.89
26.257	60.08
26.267	60.18
26.277	60.12
26.287	59.73
26.297	59.65
26.307	61.28
26.317	61.65
26.327	59.85
26.337	59.75
26.347	61.65
26.357	61.81
26.367	60.2
26.377	60.15
26.387	59.98
26.397	59.42
26.407	59.56
26.437	120.1
26.447	120.55
26.477	59.85
26.487	59.88
26.497	60.15
26.507	60.09
26.517	60.05
26.527	60.19
26.537	60.15
26.547	59.7
26.557	59.78
26.567	60.12
26.577	59.81
26.587	59.61
26.597	59.51
26.607	59.53
26.617	59.52
26.627	59.44
26.637	59.67
26.647	59.71
26.657	59.75
26.697	59.59
26.707	59.07
26.717	58.82
26.727	58.97
26.737	60.72
26.747	60.62
26.797	118.73
26.807	120.69
26.887	60.12
26.897	60.1
26.907	60.08
26.917	60.03
26.967	61.01
26.977	60.05
27.047	120.44
27.057	119.66
27.067	119.79
27.077	120.44
27.137	60.11
27.147	60.24
27.157	60.03
27.167	59.72
27.177	59.74
27.187	59
27.197	58.5
27.207	59.95
27.257	119.54
27.267	120.29
27.277	121.17
27.287	120.68
27.297	117.16
27.307	116.91
27.377	121.43
27.387	121.6
27.397	121.17
27.427	118.16
27.437	118.03
27.447	119.71
27.457	119.97
27.467	120.27
27.477	120.34
27.487	120.29
27.497	120.19
27.507	120.15
27.517	120.18
27.527	119.98
27.537	119.34
27.547	119.99
27.557	121.65
27.567	121.29
27.577	119.33
27.587	118.69
27.597	119.38
27.607	120.14
27.617	120.95
27.737	119.86
27.747	119.7
27.787	121.88
27.797	121.08
27.807	121.32
27.817	121.93
27.827	122.17
27.977	86.35
27.987	86.14
27.997	86.05
28.007	85.43
28.017	85.34
28.027	85.49
28.037	85.24
28.047	84.53
28.057	84.55
28.217	59.32
28.227	59.72
28.237	58.66
28.247	58.52
28.257	59.15
28.267	59.62
28.277	59.63
28.287	58.58
28.297	58.1
28.307	58.35
28.317	58.45
28.327	58.42
28.337	58.73
28.347	59.06
28.357	59
28.367	58.7
28.377	58.74
28.387	59.56
28.727	109.94
28.737	111.29
28.747	111.24
28.757	109.03
28.767	107.48
28.777	107.58
28.787	107.6
28.797	107.31
28.807	107.01
28.817	106.96
28.827	106.9
28.837	106.75
28.847	106.56
28.857	106.51
28.867	106.69
28.877	106.52
28.887	106.33
28.897	112.64
28.907	111.09
28.917	108.86
28.927	107.95
28.937	108.98
28.947	110.73
28.957	112.04
28.967	112.29
28.977	123.68
28.987	123.39
28.997	122.91
29.007	122.92
29.017	123.64
29.027	124.27
29.037	124.66
29.047	125.49
29.057	125.99
29.067	126.07
29.077	125.49
29.087	124.67
29.097	124.64
29.107	125.28
29.117	125.84
29.127	124.82
29.137	123.2
29.147	122.5
29.157	122.44
29.167	119.88
29.177	112.28
29.187	110.9
29.197	109.75
29.207	106.5
29.217	104.87
29.227	105.46
29.237	105.67
29.247	105.66
29.257	105.45
29.267	105.55
29.277	106.57
29.287	107.81
29.297	108.84
29.307	109.75
29.317	111.95
29.327	114.02
29.337	114.55
29.347	114.81
29.357	114.02
29.367	111.4
29.377	109.78
29.387	111.63
29.397	113.08
29.407	111.67
29.417	112.47
29.427	114.75
29.437	116.65
29.447	115.25
29.457	112.3
29.467	112.4
29.477	113.66
29.487	115.42
29.497	117.71
29.507	118.78
29.517	117.46
29.527	116.97
29.537	115.3
29.547	115.27
29.557	115.02
29.567	113.53
29.577	113.48
29.587	115.07
29.597	118.67
29.607	118.88
29.617	116.72
29.627	116.68
29.637	117.08
29.647	119.74
29.657	120.96
29.667	120.82
29.677	118.85
29.687	118.58
29.697	118.7
29.707	120.38
29.717	121.57
