time	f0
0.111	186.16
0.121	176.81
0.231	141.61
0.241	134.79
0.251	137.33
0.261	138.76
0.271	141.38
0.281	140.9
0.291	136.35
0.301	136.24
0.311	134.88
0.321	134.78
0.331	132.79
0.341	131.7
0.351	132.44
0.361	130.88
0.371	130.23
0.381	131.09
0.391	128.44
0.401	127.7
0.411	126.18
0.421	121.76
0.431	116.18
0.441	129.06
0.451	130.67
0.461	126.47
0.471	129.76
0.501	136.14
0.511	141.08
0.881	144.06
0.891	136.91
0.901	137.67
0.911	138.01
0.921	136.44
0.931	135.49
0.941	133.18
0.951	129.77
0.961	128.19
0.971	131.01
0.981	132.57
0.991	134.81
1.001	129.08
1.011	128.53
1.091	126.9
1.101	129.48
1.111	129.08
1.121	129.37
1.131	140.18
1.141	147.72
1.151	136.19
1.161	130.97
1.171	128.01
1.181	130.57
1.261	154.45
1.271	152.78
1.281	159.05
1.291	144.3
1.301	149.04
1.311	129.69
1.321	127.5
1.331	123.04
1.341	141.61
1.451	136.28
1.461	133.85
1.471	130.42
1.481	131.65
1.491	128.59
1.501	130.1
1.511	131.75
1.521	129.04
1.531	129.35
1.541	126.61
1.551	125.7
1.561	122.46
1.571	119.64
1.581	125.66
1.591	126.46
1.601	122.01
1.611	119.74
1.621	119.06
1.631	118.9
1.641	119.41
1.651	119.93
1.661	120.22
1.671	120.86
1.681	121.96
1.691	122.67
1.701	123.11
1.711	123.7
1.721	126.17
1.731	127.16
1.741	129.35
1.751	131.38
1.761	131.47
1.771	133.16
1.781	134.22
1.791	134.59
1.801	135.71
1.811	137.66
1.821	136.85
1.831	136.72
1.841	138.35
1.851	138.17
1.861	138.32
1.871	135.95
1.881	136.35
1.891	133.72
1.901	130.64
1.911	129.28
1.921	128.35
1.931	127.15
1.941	125.91
1.951	121.28
1.961	117.78
1.971	120.96
1.981	121.89
1.991	121.83
2.001	119.62
2.011	120.51
2.021	116.99
2.031	114.53
2.041	113.78
2.051	116.65
2.061	115.74
2.071	115.35
2.081	112.53
2.091	133.96
2.101	111.64
2.111	110.29
2.141	106.43
2.171	122.28
2.291	179
2.311	142.59
2.321	133.93
2.331	126.31
2.341	127.65
2.351	124.89
2.361	123.4
2.371	121.94
2.381	127.1
2.391	129.82
2.401	130.92
2.411	129.95
2.421	129.1
2.431	128.13
2.441	129.25
2.451	132.98
2.461	137.41
2.471	129.3
2.481	129.36
2.491	128.15
2.501	128.11
2.511	129.5
2.591	158.81
2.601	156.26
2.611	150.11
2.621	149.87
2.631	149.09
2.641	148.26
2.651	148.52
2.661	148.64
2.671	146.06
2.681	147.73
2.691	148.78
2.701	144.83
2.791	134.79
2.801	133.98
2.811	129.08
2.821	128.75
2.831	123.09
2.841	127.55
2.851	124.62
2.861	123.49
2.871	120.9
2.881	122.27
2.891	126.64
2.901	124.39
2.911	125.58
2.921	127.88
2.931	121.04
2.981	135.91
2.991	129.57
3.001	131.97
3.011	137.56
3.021	134.62
3.031	137.39
3.041	132.93
3.051	133.06
3.061	130.83
3.071	135.64
3.081	133.93
3.191	132.2
3.201	135.8
3.211	128.32
3.221	132.57
3.231	131.35
3.241	131
3.251	130.51
3.261	129.11
3.271	130.17
3.281	132.17
3.291	132.36
3.301	131.93
3.311	128.54
3.321	129.94
3.331	132.9
3.341	130.5
3.371	136.75
3.381	134.39
3.391	136.82
3.401	137.1
3.411	135.83
3.421	130.94
3.431	134.02
3.441	133.53
3.451	132.32
3.461	133.02
3.471	131.12
3.481	129.91
3.491	128.34
3.501	126.05
3.511	127.18
3.521	132.09
3.531	127.56
3.541	127.76
3.551	125.11
3.561	126.7
3.571	125.49
3.581	124.21
3.591	122.7
3.601	120.31
3.611	119.42
3.621	120.93
3.631	123.57
3.641	125.33
3.651	132.97
3.661	132.03
3.671	129.43
3.701	128.99
3.711	129.63
4.791	124.28
4.801	132.8
4.811	135.24
4.821	134.5
4.831	133.03
4.841	133.03
4.851	131.69
4.861	133.43
4.871	133.97
4.881	133.41
4.891	132.73
4.901	130.91
4.911	128.77
4.921	128.23
4.931	130.81
4.941	133.98
4.951	135.4
4.961	135.1
4.971	134.77
4.981	134.55
4.991	134.72
5.001	134.89
5.011	135.27
5.021	135.48
5.031	135.41
5.041	135.32
5.051	135.28
5.061	134.27
5.071	136.26
5.081	135.51
5.091	134.8
5.101	134.11
5.111	132.34
5.121	128.19
5.131	129.63
5.141	134.57
5.201	163.7
5.211	164.5
5.221	164.97
5.231	165.22
5.241	164.79
5.251	165.61
5.261	167.12
5.271	168.19
5.281	169.8
5.291	168.56
5.301	165.35
5.311	162.27
5.321	159.65
5.331	154.87
5.341	150.55
5.351	144.34
5.361	140.82
5.371	136.61
5.381	133.51
5.391	132.66
5.401	131.4
5.411	129.97
5.421	129.65
5.431	128.11
5.441	128.09
5.451	127.47
5.461	128.97
5.471	130.58
5.481	129.96
5.491	129.41
5.501	130.35
5.511	128.58
5.521	130.95
5.531	127.99
5.541	130.94
5.551	122.64
5.561	123.32
5.571	122.16
5.581	116.14
5.591	116.01
5.771	154.73
5.781	150.4
5.791	157.97
5.801	154.47
5.811	167.59
5.821	166.81
5.831	161.8
5.841	161.42
5.851	163.91
5.861	155.99
5.991	153.5
6.001	149.33
6.011	143.2
6.021	143.77
6.031	140.09
6.041	136.54
6.051	136.23
6.061	135.45
6.071	134.76
6.081	132.35
6.091	129.6
6.101	124.49
6.111	125.05
6.121	118.44
6.131	131.5
6.141	133.74
6.151	120.44
6.161	123.23
6.171	125.87
6.181	128.27
6.191	130.16
6.201	131.67
6.211	131.83
6.221	132.05
6.231	132.24
6.241	132.05
6.251	132.06
6.261	132.01
6.271	132.05
6.281	132.21
6.291	132.24
6.301	131.83
6.311	130.58
6.321	128.93
6.331	127.1
6.341	126.13
6.351	132.57
6.361	129.54
6.371	129.54
6.381	130.09
6.391	129.91
6.401	129.39
6.411	128.64
6.421	159.99
6.431	162.53
6.441	162.09
6.451	163.73
6.461	164.42
6.471	165.17
6.481	165.64
6.491	166.2
6.501	165.62
6.511	164.11
6.521	162.41
6.531	160.79
6.541	158.6
6.551	155.6
6.561	154.24
6.571	153.05
6.581	153.79
6.591	100.93
6.601	95.42
6.611	96.91
6.621	96.24
6.631	97.91
6.691	99.46
6.701	105.94
6.711	104.93
6.721	119.62
6.731	121.34
6.741	129.85
6.751	126.33
6.761	130.34
6.771	130.43
6.781	130.83
6.791	132.87
6.801	135.79
6.811	136.26
6.821	138.02
6.831	140.4
6.841	140.1
6.851	139.81
6.861	138.26
6.871	137.27
6.881	138.71
6.891	139.01
6.901	136.32
6.911	134.85
6.921	134.16
6.931	134.46
6.941	133.6
6.951	132.74
6.961	130.35
6.971	128.92
6.981	127.29
6.991	124.54
7.001	123.01
7.011	120.8
7.021	121.99
7.031	123.68
7.041	123.43
7.051	121.9
7.061	119.31
7.071	118.7
7.081	119.56
7.091	116.89
7.101	116.58
7.111	117.72
7.121	117.45
7.131	118.46
7.141	117.38
7.151	117.67
7.161	114.75
7.171	117.02
7.181	115.39
7.191	117.07
7.201	119.08
7.211	117.12
7.221	116.63
7.231	119.01
7.241	117.8
7.251	114.93
7.261	120.62
7.271	116.29
7.281	118.27
7.291	112.47
7.301	117.32
7.311	121.52
7.321	132.73
7.331	138.95
7.341	142.49
7.351	140.86
7.361	134.09
7.371	136.25
7.381	136.63
7.541	135.5
7.551	133.63
7.561	129.22
7.571	126.79
7.581	126.13
7.591	127.09
7.601	127.72
7.611	128.62
7.621	129.78
7.631	131.18
7.641	132.15
7.651	133.95
7.661	134.78
7.671	135.01
7.681	135.98
7.691	136.22
7.701	136.22
7.711	135.73
7.721	134.66
7.731	132.51
7.741	130.48
7.751	126.3
7.761	133.19
7.771	134.4
7.781	133.79
7.791	132.97
7.801	134.36
7.811	132.53
7.821	128.94
7.831	131.3
7.841	128.07
7.941	97.42
7.951	107.38
7.961	106.32
7.971	112.43
8.191	143.32
8.201	141.13
8.211	140.67
8.221	139.71
8.231	138.72
8.241	142.35
8.251	140.03
8.261	137.25
8.271	136.53
8.281	135.41
8.291	133.98
8.301	134.1
8.311	132.39
8.321	131.52
8.331	131.57
8.341	131.55
8.351	131.04
8.361	130.31
8.371	132.07
8.381	127.63
8.391	133.99
8.401	128.01
8.411	123.28
8.421	135.8
8.431	128.03
8.441	128.34
8.451	130.67
8.461	130.38
8.471	130.96
8.481	132.42
8.491	132.79
8.501	133.27
8.511	132.47
8.521	132.03
8.531	131.31
8.541	129.93
8.551	128.58
8.561	127.52
8.571	125.56
8.581	121.14
8.591	119.67
8.601	121.05
8.611	121.59
8.621	121.16
8.631	120.53
8.641	120.56
8.651	119.52
8.661	119.82
8.671	116.95
8.681	117.85
8.691	118.64
8.701	119.35
8.711	119.93
8.721	121.59
9.631	134
9.641	135.39
9.651	133.96
9.661	133.61
9.671	129.57
9.681	122.64
9.691	121.3
9.701	120.52
9.711	119.65
9.721	118.68
9.731	117.76
9.741	118.74
9.751	117.98
9.761	118.75
9.771	117.71
9.781	117.11
9.791	117.1
9.801	118.94
9.811	123.86
9.821	124.62
9.831	124.66
9.841	124.41
9.851	125.51
9.861	124.96
9.871	125.74
9.881	126.44
9.891	126.04
9.931	129.55
9.941	128.04
9.951	131.6
9.971	160.06
9.981	151.1
10.081	138.08
10.091	134.87
10.101	140.85
10.111	122.09
10.121	122.75
10.131	131.34
10.141	126.67
10.151	127.31
10.161	125.01
10.171	115.8
10.181	121.71
10.191	122.95
10.201	123.45
10.211	124.03
10.221	125.48
10.231	122.03
10.241	120.02
10.251	120.61
10.261	123.57
10.271	123.9
10.281	127.41
10.291	125.14
10.301	124.48
10.311	122.68
10.321	122.17
10.331	124.38
10.341	125.02
10.351	122.66
10.361	128.01
10.401	116.63
10.411	119.92
10.421	120.25
10.431	120.57
10.441	119.72
10.451	117.27
10.461	134.14
10.471	123.94
10.481	123.91
10.491	125.03
10.501	125.05
10.511	121.27
10.521	124.44
10.531	122.91
10.541	122.23
10.551	121.79
10.561	121.49
10.571	119.95
10.581	120.63
10.591	122.05
10.601	122.54
10.611	122.59
10.621	122.68
10.631	122.06
10.641	123.34
10.651	128.56
10.661	121.44
10.671	122.09
10.681	125.32
10.691	122.68
10.701	125.58
10.711	123.02
10.721	128.73
10.731	140.77
10.741	147.59
10.751	138.66
10.761	136.57
10.771	139.75
10.781	144.97
10.791	146.84
10.801	147.35
10.811	143.93
10.821	140.84
10.831	144.16
10.941	122.03
10.951	121.41
10.961	125.2
10.991	120.21
11.001	122.74
11.031	114.5
11.041	118.95
11.071	123.51
11.081	122.91
11.091	124.6
11.101	124.95
11.111	124.79
11.121	133.15
11.201	118.63
11.211	118.23
11.221	115.57
11.231	121.6
11.241	118.89
11.251	123.34
11.261	116.69
11.271	118.81
11.341	119.36
11.351	119.81
11.401	133.99
11.411	122.5
11.421	121.29
11.431	117.66
11.441	121.41
11.451	117.47
11.461	118.1
11.471	118.28
11.481	117.83
11.491	117.73
11.501	119.37
11.511	121.04
11.521	119.84
11.531	120.61
11.541	119.59
11.551	118.96
11.561	119.7
11.571	118.48
11.581	118.78
11.591	120.66
11.601	120.2
11.611	121.63
11.701	131.87
11.711	131.71
11.721	125.5
11.731	121.6
11.741	122.76
11.751	123.46
11.761	124.48
11.771	124.35
11.781	125.62
11.791	127
11.801	127.9
11.811	127.69
11.821	123.04
11.831	122.71
11.841	121.8
11.851	122.11
11.901	132.72
11.911	129.29
11.921	127.79
11.971	117.69
11.981	116.81
11.991	120.21
12.001	122.68
12.011	121.81
12.021	121.43
12.031	116.65
12.041	117.96
12.051	116.51
12.061	116.17
12.071	115.43
12.081	115.49
12.091	116.6
12.101	115.99
12.111	115.68
12.121	115.85
12.131	116.2
12.141	114.8
12.151	114.71
12.161	112.27
12.211	119.84
12.221	119.57
12.231	120.64
12.241	120.45
12.251	120.55
12.261	123.04
12.271	125.22
12.281	111.98
12.291	123.07
12.301	118.6
12.311	118.15
12.321	119.88
12.331	121.74
12.341	119.73
12.351	115.61
12.361	123.89
12.371	117.4
12.381	116.39
12.391	116.81
12.401	116.19
12.411	114.13
12.421	115.22
12.431	115.62
12.441	111.8
12.451	123.01
12.461	117.01
12.471	118.69
12.481	116.3
12.491	117.51
12.501	119.17
12.511	115.56
12.521	115.99
12.701	115.13
12.711	119.26
12.721	117.93
12.731	120.65
12.741	121.1
12.751	121.57
12.761	121.6
12.771	121.71
12.781	122.15
12.791	121.93
12.801	119.43
12.811	116.57
12.821	116.87
12.831	116.57
12.841	115.45
12.851	114.69
12.861	114.17
12.871	114.04
12.881	113.58
12.891	113.87
12.901	115.87
12.911	118.67
12.921	123.8
12.951	115.93
12.961	115.43
12.971	122.67
12.981	121.59
12.991	117.49
13.001	117.27
13.011	115.42
13.021	114.52
13.031	116.51
13.041	115.58
13.051	116.05
13.061	115.69
13.071	114.67
13.081	115.07
13.091	115.21
13.101	114.74
13.111	114.2
13.121	113.5
13.131	113.03
13.141	111.37
13.151	109.63
13.161	109.89
13.171	110.94
13.181	110.78
13.191	110.52
13.201	110.12
13.211	110.54
13.221	110.23
13.231	112.55
13.241	112.97
13.251	114.34
13.261	113.7
13.271	115.2
13.281	115.67
13.291	115.36
13.301	112.19
13.311	175.9
13.321	182.79
13.371	117.02
13.381	123.55
13.391	121.89
13.401	121.68
13.411	120.62
13.421	122.98
13.431	118.25
13.441	122.25
13.451	121.25
13.461	118.17
13.471	118.11
13.481	120.15
13.491	120.71
13.501	120.91
13.541	190.73
13.571	124.36
13.581	126.96
13.591	132.13
13.601	131.84
13.611	115.86
13.621	130.55
13.631	127.8
13.641	127.86
13.651	132.56
13.661	123.49
13.671	123.35
13.781	141.93
13.791	138.56
13.801	132.32
13.811	120.92
13.821	126.38
13.831	124.36
13.901	118.62
13.911	114.86
13.921	112.14
13.931	115.69
14.041	119.69
14.051	119.71
14.061	118.65
14.071	118.99
14.081	119.39
14.091	119.91
14.101	123.13
14.111	123.02
14.121	123.17
14.131	123.09
14.141	123.73
14.151	120.9
14.161	118.89
14.171	121.35
14.181	121.01
14.191	121.1
14.201	122.48
14.211	122.98
14.291	127.12
14.301	121.75
14.311	117.53
14.321	103.17
14.331	120.9
14.341	117.9
14.351	119.47
14.361	119.36
14.371	121.03
14.381	134.95
14.391	122.3
14.401	157.04
14.411	160.38
14.421	129.21
14.431	119.46
14.441	119.53
14.451	118.22
14.461	120.23
14.471	121.1
14.481	123.45
14.491	123.68
14.501	125.18
14.511	126.01
14.521	127.27
14.531	129.3
14.541	130.63
14.551	131.8
14.561	133.15
14.571	133.1
14.581	133.64
14.591	133.44
14.601	131.54
14.611	130.85
14.621	129.94
14.631	128.49
14.641	127.59
14.651	125.2
14.661	122.9
14.671	122.23
14.681	122.7
14.691	123.48
14.701	123.88
14.711	124.03
14.721	123.19
14.731	122.86
14.741	125.46
14.751	126.38
14.761	127.33
14.771	128.01
14.781	128.21
14.791	126.27
14.801	126.87
14.811	127.66
14.821	124.38
14.831	124.78
15.091	131.98
15.101	126.9
15.111	124.94
15.121	123.39
15.131	119.36
15.141	120.59
15.151	122.01
15.161	127.38
15.171	124.05
15.181	123.41
15.191	124.49
15.201	123.91
15.211	121.57
15.221	117.77
15.231	115.13
15.241	117.48
15.251	120.06
15.261	121.43
15.271	121.54
15.281	122.3
15.291	122.89
15.301	120.42
15.311	122.39
15.391	125.82
15.401	124.72
15.411	125.61
15.421	90.63
15.451	123.13
15.461	125.48
15.471	123.75
15.701	128.8
15.711	128.28
15.721	127.86
15.871	118.3
15.881	121.06
15.891	126.59
15.901	120.98
15.911	117.83
15.921	118.84
15.931	124.67
15.941	122.41
15.951	130.07
15.961	135.2
15.971	132.32
15.981	131.66
15.991	121.19
16.001	123.29
16.011	123.34
16.071	123.35
16.081	129.78
16.091	124.22
16.101	126.35
16.111	126.68
16.121	121.54
16.151	121.03
16.161	122.16
16.171	119.98
16.181	119.62
16.191	118.3
16.201	116.33
16.211	117.97
16.221	118.77
16.231	119.64
16.241	119.54
16.251	119.96
16.261	122.38
16.271	124.35
16.281	121.62
16.291	120.4
16.301	121.43
16.311	121.03
16.421	133.15
16.431	134.57
16.441	134.49
16.451	130.03
16.461	130.22
16.471	129.18
16.481	129.56
16.491	128.86
16.501	123.15
16.511	121.82
16.521	121.21
16.531	120
16.541	89.03
16.551	120.92
16.561	118.46
16.591	177.57
16.601	166.66
16.611	170.37
16.621	123.33
16.631	121.93
16.641	122.37
16.651	119.7
16.661	118.51
16.671	123.04
16.711	139.04
16.721	116.89
16.731	118.69
16.741	118.5
16.751	118.69
16.761	117.99
16.771	120.42
16.781	123.62
16.791	124.02
16.801	124.97
16.811	125.54
16.821	126.8
16.831	126.88
16.841	126.84
16.851	125.35
16.861	123.39
16.871	126.47
16.881	128.42
16.891	126.03
16.901	124.21
16.911	123.57
16.921	123.92
16.931	122.08
16.941	126.2
16.951	126.85
16.961	126.95
16.971	126.08
16.981	133.83
16.991	132.55
17.001	125.16
17.011	127.97
17.021	118.56
17.051	133.25
17.061	131.83
17.071	129.13
17.081	128.09
17.091	125.54
17.101	124.2
17.111	124.3
17.121	125.24
17.131	124.53
17.141	124.99
17.151	125.1
17.161	124.74
17.171	124.92
17.181	126.17
17.191	127.07
17.201	126.51
17.211	127.14
17.221	127.64
17.231	127.78
17.241	127.07
17.251	126.72
17.261	125.8
17.271	124.69
17.281	123.08
17.291	122.83
17.301	122.48
17.311	122.89
17.321	121.92
17.331	120.46
17.341	119.31
17.351	121.65
17.361	119.95
17.371	119.67
17.381	119.32
17.391	118.9
17.401	121.05
17.411	121.27
17.421	119.79
17.431	122.8
17.441	144.33
17.451	170.66
17.461	173.54
17.471	158.65
17.481	125.98
17.491	121.9
17.501	120.06
17.511	119.79
17.521	119.61
17.531	118.96
17.541	119.43
17.551	119.24
17.561	120.26
17.571	118.15
17.581	117.08
17.591	116.06
17.601	121.17
17.611	122.86
17.621	125.78
17.631	126.36
17.641	128.39
17.651	131.63
17.661	139.14
17.671	143.03
17.681	148.13
17.691	148.77
17.701	150.98
17.711	151.95
17.721	150.41
17.731	150.37
17.741	149.16
17.751	149.56
17.761	153.72
17.771	145.83
17.781	147.88
17.791	149.27
17.801	147.31
17.811	145.4
17.821	147.59
17.831	149.05
17.841	148.26
17.851	148.52
17.861	149.98
17.871	150.55
17.881	148.06
18.121	120.75
18.131	123.06
18.141	122.88
18.151	122.42
18.161	122.26
18.171	121.31
18.181	121.02
18.191	119.14
18.201	116.57
18.211	116.3
18.221	119.37
18.301	100.14
18.311	100.7
18.321	105.44
18.361	120.64
18.371	119.48
18.381	120.36
18.391	119.75
18.401	119.32
18.411	117.99
18.421	117.21
18.431	114.74
18.441	114.62
18.451	113.87
18.461	111.53
18.471	110.94
18.481	107.45
18.491	107.44
18.501	103.29
18.511	106.31
18.521	96.98
18.531	105.2
18.541	106.21
18.621	181.29
18.631	184.71
18.641	109.19
18.651	110.35
18.661	104.07
18.671	106.03
18.821	105.6
18.831	113
18.841	113.02
18.851	105.17
18.861	107.81
18.871	109.21
18.881	112.37
18.891	116.6
18.901	118.23
19.071	123.71
19.081	123.38
19.091	92.66
19.121	139.08
19.131	128.06
19.141	129.7
19.221	139.87
19.231	137.88
19.241	138.19
19.251	135.78
19.261	140.47
19.271	143.94
20.111	186.01
20.121	182.87
20.131	169.28
20.141	159.8
20.151	143.84
20.291	198.86
20.301	203
20.311	212.87
20.321	210.73
20.411	165.45
20.421	157.61
20.431	147.67
20.441	147.72
20.451	130.52
20.461	140.24
20.471	142.12
20.561	141.33
20.571	136.52
20.581	135.52
20.591	135.75
20.601	137.3
20.611	135.03
20.621	135.98
20.631	138.25
20.641	138.57
20.651	136.92
20.661	135.63
20.671	136.64
20.831	222.99
20.841	221.41
20.881	139.25
20.891	140.73
20.901	139.37
20.911	140.46
20.921	139.59
20.931	132.55
20.941	138.94
20.951	142.76
