time	f0
0.034	135.92
0.044	133.96
0.054	131.18
0.064	129.26
0.074	127.31
0.084	129.58
0.094	125.74
0.104	123.13
0.114	124.79
0.124	125.23
0.134	124.83
0.144	123.79
0.154	122.75
0.164	122.08
0.174	112.85
0.184	112.86
0.194	112.84
0.204	111.96
0.214	115.68
0.224	119.81
0.384	120.69
0.394	106.68
0.404	105.91
0.414	109.86
0.424	110.32
0.434	109.57
0.444	109.04
0.454	109.17
0.464	108.86
0.474	109.41
0.484	110.91
0.494	113.27
0.504	117.8
0.514	122.05
0.524	127.46
0.534	141.27
0.544	148.78
0.554	151.29
0.564	157.18
0.574	169.48
0.584	172.54
0.594	174.12
0.604	173.79
0.614	169.71
0.624	166.02
0.634	159.54
0.644	147.02
0.654	137.11
0.664	133.63
0.704	106.87
0.714	106.34
0.724	104.16
0.734	101.32
0.744	101.09
0.754	101.92
0.764	100.84
0.774	100.79
0.784	104.24
0.794	105.01
0.804	107.02
0.814	107.3
0.824	108.7
0.834	110.14
0.844	108.25
0.854	109.08
0.864	110.94
0.874	111.89
0.884	111.91
0.894	111.48
0.904	111.32
0.914	111.57
0.924	113.79
0.934	117.58
0.944	122.62
0.954	122.49
0.964	116.66
0.974	112.14
0.984	111.92
0.994	107.27
1.004	107.32
1.014	106.65
1.024	106.6
1.034	105.32
1.044	105.43
1.054	107.26
1.064	107.06
1.074	107.08
1.084	108
1.094	109.3
1.104	109.64
1.114	106.72
1.124	107.06
1.134	108.85
1.144	108.63
1.224	132.23
1.234	125.69
1.244	121.98
1.254	117.96
1.264	113.19
1.274	108.06
1.284	107.99
1.354	80.36
1.364	74.01
1.764	113.85
1.774	107.69
1.784	109.61
1.794	109.4
1.804	109.44
1.814	109.83
1.824	109.44
1.834	109.55
1.844	111.75
1.854	115.4
1.864	122.91
1.874	123.21
1.884	125.66
1.894	124.11
1.904	117.86
1.914	114.32
2.024	108.27
2.034	110.22
2.044	109.37
2.054	108.1
2.064	107.25
2.074	107.37
2.084	107.53
2.094	108.93
2.104	108.74
2.114	108
2.124	108.09
2.134	107.01
2.144	106.77
2.154	106.65
2.164	105.05
2.174	105.54
2.184	105.12
2.194	104.33
2.204	104.35
2.944	108.56
2.954	107.89
2.964	107.89
2.974	107.09
2.984	104.83
2.994	104.4
3.004	103.17
3.014	100.99
3.024	104.38
3.034	106.66
3.044	108.14
3.054	108.46
3.064	108.77
3.074	108.59
3.084	110.23
3.094	110.39
3.234	109.8
3.244	108.73
3.254	108.39
3.264	108.4
3.274	106.46
3.404	111.63
3.414	111.01
3.424	108.85
3.434	109.07
3.444	113.9
3.564	79.23
3.574	78.93
3.584	93.12
3.594	90.79
3.604	93.05
3.614	93.18
3.624	92.11
3.634	95.03
3.644	96.16
3.654	96.37
3.664	97.05
3.674	97.74
3.684	97.88
3.694	98.89
3.704	99.65
3.714	99.26
3.724	98.62
3.734	97.92
3.744	97.17
3.754	96.58
3.764	96.21
3.774	96.16
3.784	97.2
3.794	96.85
3.804	94.66
3.814	94.93
3.824	94.64
3.834	97.07
3.844	88.14
3.854	89.85
3.864	89.55
3.874	92.31
4.084	104.66
4.094	100.38
4.104	96.51
4.114	75.43
4.124	75.54
4.354	88.82
4.364	88.81
4.374	91.86
4.384	91.66
4.394	86.25
4.404	87.15
4.414	88.65
4.424	87.93
4.434	90.45
4.444	87.91
4.454	86.91
4.464	86.84
4.474	86.98
4.484	84.18
4.984	98.03
4.994	97.39
5.004	99.46
5.014	98.2
5.024	97.47
5.034	97.84
5.044	97.87
5.054	99.11
5.064	105.22
5.074	106.9
5.084	103.34
5.094	98.75
5.104	102.49
5.114	100.3
5.124	100.61
5.174	120.02
5.184	113.75
5.194	108.48
5.204	107.83
5.214	103.93
5.224	100.7
5.234	103.03
5.244	104.25
5.254	100.33
5.264	103.72
5.274	106.24
5.284	103.39
5.324	113.92
5.334	107.13
5.344	102.35
5.354	98.09
5.564	91.68
5.574	95.59
5.584	98.46
5.594	95.76
5.744	114.92
5.754	100.94
5.764	99.37
5.774	96.41
5.784	94.68
5.794	87.19
5.804	94.04
5.814	89.77
5.824	85.31
5.834	96.18
5.844	95.17
5.854	86.5
5.864	86.52
5.874	89.01
5.884	93.07
5.894	93.82
5.904	94.51
5.914	93.1
5.924	92.78
5.934	92.28
5.944	92.51
5.954	92.8
5.964	92.59
5.974	93.6
5.984	94.14
5.994	93.88
6.004	93.37
6.014	92.94
6.134	94.09
6.144	92.22
6.154	92.03
6.164	91.16
6.174	89.38
6.184	88.67
6.194	89.99
6.204	92.42
6.214	90.91
6.224	86.37
6.244	100.13
6.254	99.96
6.264	99.17
6.274	100.92
6.284	101.06
6.294	100.15
6.304	98.32
6.314	95.2
6.324	95.25
6.334	95.16
6.344	95.6
6.354	96.61
6.364	96.14
6.374	95.15
6.384	93.75
6.394	93.93
6.404	91.57
6.414	87.98
6.424	86.34
6.434	88.01
6.444	91.76
6.454	93.41
6.464	111.06
6.474	92.94
6.484	92.32
6.494	98.84
6.504	98.53
6.514	98.46
6.524	98.8
6.534	99.74
6.544	100.79
6.554	103.62
6.564	107.54
6.574	113.15
6.584	116.93
6.624	151.47
6.634	157.72
6.644	155.71
6.654	151.22
6.664	149.98
6.674	148.4
6.684	148.28
6.694	148.16
6.704	147.07
6.714	145.61
6.724	144.99
6.734	143.43
6.744	134.82
6.754	132.96
6.764	131.57
6.774	126.08
6.784	107.77
6.794	106.84
6.804	104.84
6.814	102.12
6.884	100.47
6.894	97.7
6.904	95.82
6.914	95.59
6.924	95
6.934	94.14
6.944	93.51
6.954	93.53
6.994	82.75
7.004	86.35
7.014	78.6
7.024	83.59
7.034	85.38
7.044	87.1
7.054	85.48
7.064	79.94
7.124	95.87
7.134	95.03
7.144	94.91
7.154	97.16
7.164	96.77
7.174	95.42
7.184	95.24
7.194	94.56
7.204	93.47
7.244	90.15
7.254	90
7.264	89.14
7.274	92.56
7.284	97.67
7.734	105.67
7.744	109.04
7.754	109.06
7.764	105.99
7.774	102.84
7.784	102.1
7.794	99.65
7.804	97.93
7.814	100.21
7.824	100.23
7.834	100.02
7.844	107.59
7.854	106.87
7.864	105.86
7.874	105.84
7.884	105.69
7.914	103.69
7.924	102.78
7.934	102.89
7.944	105.51
7.954	105.25
7.964	105.15
7.974	105.28
7.984	103.85
8.034	98.56
8.044	98.15
8.054	96.87
8.134	91.3
8.144	90.79
8.154	90.21
8.164	89.79
8.174	88.3
8.184	88.85
8.194	87.93
8.204	87.38
8.214	88.54
8.224	88.89
8.234	88.93
8.244	88.72
8.254	88.41
8.264	89.51
8.274	91.79
8.284	93.9
8.294	95.86
8.304	98.13
8.314	100.12
8.324	102.3
8.334	103.54
8.344	103.43
8.354	101.61
8.364	100.37
8.374	99.65
8.384	99.32
8.394	98.37
8.404	98.17
8.414	97.76
8.424	99.17
8.434	99.2
9.104	87.58
9.114	87.36
9.124	87.48
9.134	87.41
9.144	85.33
9.154	82.81
9.164	83.16
9.174	83.63
9.184	84.48
9.194	86.54
9.204	85.78
9.214	83.32
9.224	87.26
9.234	87.56
9.244	86.78
9.254	82.11
9.264	87.09
9.274	89.12
9.284	87.23
9.294	88.14
9.304	88.38
9.314	81.33
9.694	90.87
9.704	78.53
9.714	78.51
9.724	92.57
9.734	97.1
9.744	97.04
9.754	92.47
9.764	80.6
9.774	81.87
9.784	87.6
9.974	91.23
9.984	82.92
9.994	79.92
10.004	80.1
10.414	96.19
10.424	97.83
10.434	101.39
10.444	95.52
10.454	81.85
10.534	112.4
10.544	111.47
10.554	106.48
10.564	104.46
10.574	100.22
10.584	99.61
10.614	97.79
10.624	104.41
10.634	91.11
10.644	94.18
10.654	94.6
10.664	98.9
10.674	99.07
10.684	97.03
10.694	92.67
10.704	87.74
10.714	84.94
10.724	88.99
10.734	92.99
10.744	93.25
10.754	93.6
10.764	77.95
10.874	107.1
10.884	106.49
10.894	99.61
11.024	91.8
11.034	92.41
11.044	92.88
11.054	95.25
11.064	90.6
11.074	90.4
11.084	90.41
11.094	90.9
11.104	91.42
11.114	91.66
11.124	92.76
11.134	94.05
11.144	95.71
11.154	95.84
11.164	95.61
11.174	96.02
11.184	98.49
11.194	96.42
11.204	97.13
11.354	114.36
11.364	114.63
11.374	98.82
11.384	98.94
11.394	99.11
11.404	99.11
11.414	98.25
11.424	97.36
11.434	94.16
11.444	93.29
11.454	95.88
11.464	96.21
11.474	97.04
11.484	97.02
11.494	96.13
11.504	92.63
11.514	92.15
11.524	92.27
11.534	97.75
11.544	103.33
11.554	99.01
11.564	95.83
11.574	94.42
11.584	93.39
11.594	91.66
11.604	90.71
11.614	90.82
11.624	89.46
11.634	89.36
11.644	89
11.654	88.77
11.664	89.57
11.674	86.42
11.684	89.3
11.694	89.67
11.704	91.03
11.714	94.23
11.724	94.99
11.734	91.65
11.744	91.32
11.754	85.45
11.764	85.54
11.774	89.45
11.784	88.35
11.794	88.36
11.804	88.41
11.814	82.37
11.824	82.6
11.834	81.61
11.874	75.6
11.884	79.55
12.514	72.41
12.524	72.78
12.544	68.62
12.554	72.44
12.564	71.36
12.574	69.75
12.584	72.5
12.594	73.83
12.604	71.19
12.624	69.2
12.634	69.53
12.644	72.95
13.414	97.1
13.424	96.27
13.434	94.44
13.444	91.8
13.454	90.69
13.464	89.82
13.474	89.14
13.484	87.55
13.494	88.35
13.504	88.89
13.514	88.62
13.524	89.35
13.534	90.16
13.544	90.46
13.554	85.46
13.564	94.39
13.574	97.47
13.584	96.91
13.594	97.44
13.604	98.5
13.614	97.65
13.624	96.84
13.634	97.27
13.774	91.24
13.784	89.78
13.794	88.67
13.804	86.05
13.814	86.12
13.824	84.67
13.834	84.53
13.844	84.39
13.854	95.16
13.864	93.48
13.874	81.64
13.884	84.45
13.894	98.53
13.904	102.54
13.914	100.58
13.924	95.43
13.934	95.29
13.944	97.64
13.954	93.97
