time	f0
0.421	113.74
0.431	119.69
0.441	117.94
0.451	117.64
0.461	117.44
0.471	115.98
0.481	115.55
0.491	114.7
0.501	115.01
0.511	114.81
0.521	114.72
0.531	113.25
0.541	113.44
0.551	113.02
0.561	111.3
0.571	110.68
0.581	110.54
0.591	111.02
0.601	111.81
0.611	111.03
0.621	111.45
0.631	111.08
0.641	109.85
0.651	110.51
0.661	110.77
0.671	109.47
0.681	108.17
0.691	109.66
0.701	110.92
0.711	110.42
0.721	109.77
0.731	110.24
0.741	110.61
0.751	110.38
0.761	110.11
0.771	109.85
0.781	109.71
0.791	109.97
0.801	109.96
0.811	109.79
0.821	110.05
0.831	109.59
0.841	109.12
0.851	109.27
0.861	109.27
0.871	109.18
0.881	108.95
0.891	108.52
0.901	108.53
0.911	108.3
0.921	108.23
0.931	108.37
0.941	108.23
0.951	108.02
0.961	108.23
0.971	108.06
0.981	107.99
0.991	107.93
1.001	108
1.011	107.79
1.021	107.04
1.031	106.45
1.041	106.36
1.051	105.38
1.061	104.63
1.071	104.16
1.081	102.75
1.091	102.45
1.101	103.4
1.111	101.67
1.121	98.64
1.131	101.74
1.141	103.89
1.151	101.52
1.161	98.86
1.171	98.07
1.181	94.17
1.191	100.92
1.201	100.95
1.211	96.75
1.221	97.84
1.231	103.62
1.241	101.36
1.251	101.58
1.741	110.54
1.751	114.06
1.761	114.96
1.771	116.11
1.781	116.77
1.791	116.47
1.801	115.72
1.811	115.4
1.821	114.81
1.831	114.02
1.841	113.72
1.851	114.97
1.861	115.33
1.871	115.45
1.881	115.06
1.891	114.97
1.901	114.93
1.911	114.74
1.921	114.65
1.931	114.58
1.941	114.56
1.951	114.69
1.961	114.71
1.971	114.59
1.981	114.59
1.991	115.27
2.001	114.53
2.011	114.35
2.021	115.26
2.031	115.91
2.041	130.51
2.051	128.73
2.061	131.87
2.071	134.61
2.081	134.84
2.091	135.06
2.101	135.02
2.111	136.15
2.121	135.78
2.131	135.49
2.141	135.22
2.151	134.43
2.161	134.11
2.171	133.13
2.181	131.23
2.191	130.63
2.201	131.02
2.211	132.74
2.221	133.08
2.231	132.98
2.241	133.19
2.251	133.14
2.261	132.73
2.271	133.19
2.281	132.59
2.291	132.73
2.301	132.55
2.351	133.06
2.361	133.84
2.371	133.7
2.381	133.85
2.391	133.38
2.401	132.84
2.411	133.18
2.421	132.75
2.431	131.61
2.441	134.09
2.451	131.55
2.461	131.75
2.471	130.11
2.481	133.67
2.491	133.51
2.501	134.99
2.591	123.17
2.601	125.54
2.611	125.74
2.621	124.97
2.631	125.14
2.641	125.25
2.651	125.38
2.661	125.42
2.671	124.91
2.681	124.55
2.691	124.69
2.701	124.82
2.711	124.26
2.721	124.3
2.731	125.2
2.741	127.28
2.751	129.38
2.761	130.07
2.771	129.77
2.781	129.65
2.791	129.16
2.801	128.52
2.811	128.91
2.821	127.99
2.831	127.24
2.841	127.46
2.851	127.22
2.861	125.9
2.871	124.5
2.881	124.06
2.891	122.62
2.901	121
2.911	119.29
2.921	118.33
2.931	117.93
2.941	117.4
2.951	116.27
2.961	115.51
2.971	115.13
2.981	114.12
2.991	111.51
3.001	112.87
3.011	112.65
3.021	111.99
3.031	112.71
3.041	112.08
3.051	112.05
3.061	111.91
3.071	111.6
3.081	111.75
3.091	111.79
3.101	111.68
3.111	111.56
3.121	111.56
3.131	111.4
3.141	110.96
3.151	110.65
3.161	110.82
3.171	111.13
3.181	110.94
3.191	110.93
3.201	110.76
3.211	110.72
3.221	110.75
3.231	110.47
3.241	110.84
3.251	111.25
3.261	111.09
3.271	110.78
3.281	111.29
3.411	121.53
3.421	122.04
3.431	120.84
3.441	119.82
3.451	118.67
3.461	118.21
3.471	117.51
3.481	116.94
3.491	115.99
3.501	114.78
3.511	113.86
3.521	114.22
3.531	113.62
3.541	113.59
3.551	115.57
3.561	117.42
3.571	119.5
3.581	120.84
3.591	122.23
3.601	123.03
3.611	122.41
3.621	122.76
3.631	122.75
3.641	120.9
3.651	122.16
3.661	121.94
3.671	121.62
3.681	121.46
3.691	120.26
3.701	118.73
3.711	118.81
3.721	119.86
3.731	118.69
3.741	118.42
3.751	118.58
3.761	118.19
3.771	118.82
3.781	118.79
3.791	118.52
3.801	117.69
3.811	117.19
3.821	116.64
3.831	116.48
3.841	115.94
3.851	115.45
3.861	114.5
3.871	110.8
3.881	114.41
3.891	114.64
3.901	115.75
3.911	117.37
3.921	117.11
3.931	116.48
3.941	118.78
3.951	117.96
3.961	115.75
3.971	114.89
3.981	111.36
3.991	112.64
4.001	115.49
4.011	116.43
4.021	90.96
4.031	122.57
4.041	124.14
4.051	125.29
4.061	124.25
4.071	122.95
4.081	123.22
4.091	123.21
4.101	122.54
4.111	122.55
4.121	122.41
4.131	122.28
4.141	122.09
4.151	117.8
4.161	117.45
4.171	120.79
4.181	120.09
4.191	121.6
4.201	121.72
4.211	122.49
4.221	130.82
4.231	131.93
4.241	131.51
4.251	130.78
4.261	129.19
4.271	127.66
4.281	126.47
4.291	125.89
4.301	124.43
4.311	122.66
4.321	122.18
4.331	123.08
4.341	122.13
4.351	124.05
4.361	125.14
4.371	122.02
4.381	118.47
4.391	118.88
4.401	117.98
4.411	116.83
4.421	116.28
4.431	115.92
4.441	115.6
4.451	114.41
4.461	111.85
4.471	112.03
4.481	114.27
4.491	113.07
4.501	113.04
4.511	113.24
4.521	113.49
4.531	114.3
4.541	114.4
4.551	114.54
4.561	114.92
4.571	114.67
4.581	114.33
4.591	114.19
4.601	114.48
4.611	114.37
4.621	114.03
4.631	114.23
4.641	115.11
4.651	115.84
4.661	115.14
4.671	116.9
4.681	114.99
4.691	114.3
4.751	136.23
4.761	127.89
4.771	125.48
4.781	124.33
4.791	124.19
4.801	124.36
4.811	124.53
4.821	124.79
4.831	124.72
4.841	124.42
4.851	123.95
4.861	123.63
4.871	117.68
4.881	118.26
4.891	118.68
4.901	117.79
4.911	118.94
4.921	122.62
4.931	123.4
4.941	123.3
4.951	122.12
4.961	121.61
4.971	122.06
4.981	121.74
4.991	122.32
5.001	121.39
5.011	119.62
5.021	120.23
5.031	122.53
5.041	123.3
5.051	120.4
5.061	120.09
5.071	119.92
5.081	119.88
5.091	119.67
5.101	119.05
5.111	118.82
5.121	118.68
5.131	119.09
5.141	119.41
5.151	119.85
5.161	120.53
5.171	120.69
5.181	120.98
5.191	121.22
5.201	120.81
5.211	119.94
5.221	118.98
5.231	119.03
5.241	119.08
5.251	118.42
5.261	117.74
5.271	118.27
5.281	118.68
5.291	117.32
5.301	116.96
5.311	117.04
5.321	116.85
5.331	116.42
5.341	116.42
5.351	116.75
5.361	117.03
5.371	117.51
5.381	117.57
5.391	116.86
5.401	116.7
5.411	117.72
5.421	117.6
5.431	117.54
5.441	118.01
5.451	124.65
5.461	127.47
5.471	131.29
5.481	131.01
5.491	131.88
5.501	131.3
5.511	131.47
5.521	130.36
5.531	130.42
5.541	130.27
5.551	129.69
5.561	129.66
5.571	128.54
5.581	129.12
5.591	129.12
5.601	127.73
5.611	127.32
5.621	127.85
5.631	128.63
5.641	127.99
5.801	120.18
5.811	112.15
5.821	115.04
5.831	109.28
5.841	113.94
5.851	113.6
5.861	114.98
5.871	114.26
5.881	112.87
5.891	112
5.901	111.61
5.911	111.4
5.921	111.23
5.931	110.95
5.941	110.74
5.951	110.39
5.961	110.39
5.971	110.09
5.981	109.75
5.991	108.27
6.001	107.87
6.011	107.38
6.021	107.26
6.031	107.65
6.041	107.46
6.051	107.01
6.061	108.58
6.071	106.74
6.081	106.76
6.091	107.82
6.101	107.7
6.111	107.99
6.121	107.79
6.131	107.29
6.141	107.47
6.151	107.95
6.161	107.2
6.171	108.14
6.181	107.99
6.191	109.48
6.201	112.2
6.211	113.3
6.221	114.63
6.231	115.05
6.241	115.49
6.251	116.16
6.261	116.48
6.271	116.19
6.281	116.23
6.291	116.29
6.301	116.31
6.311	116.71
6.321	117.02
6.331	116.99
6.341	116.4
6.351	115.96
6.471	130.27
6.481	130.17
6.491	130.09
6.501	129.39
6.511	128.82
6.521	128.34
6.531	128.25
6.541	127.43
6.551	127.19
6.561	128.02
6.571	127.24
6.581	128.2
6.591	128.12
6.601	128.17
6.611	127.7
6.691	120.87
6.701	124.07
6.711	124.19
6.721	123.07
6.731	122.21
6.741	121.36
6.751	119.88
6.761	118.35
6.771	117.23
6.781	117.26
6.791	119.34
6.801	117.77
6.941	113.28
6.951	117.61
6.961	117.7
6.971	117.39
6.981	116.97
6.991	116.52
7.001	116.16
7.011	115.63
7.021	115.92
7.031	115.29
7.041	115.08
7.051	114.82
7.061	114.69
7.071	114.46
7.081	114.21
7.091	113.87
7.101	114.74
7.111	114.67
7.121	114.55
7.131	114.33
7.141	113.8
7.151	113.19
7.161	112.56
7.171	112.38
7.181	112.21
7.191	112.89
7.201	114.13
7.211	115.34
7.221	114.53
7.231	115.09
7.241	116.05
7.251	116.51
7.261	116.94
7.271	117.82
7.281	118.3
7.291	118.63
7.301	119.12
7.311	119.65
7.321	121.42
7.331	122.38
7.341	122.65
7.351	124.07
7.361	125.35
7.371	126.68
7.381	128.54
7.391	123.47
7.401	121.58
7.411	120.95
7.421	120.87
7.431	120.71
7.441	121.43
7.491	129.49
7.501	129.56
7.511	127.72
7.521	126.08
7.531	124.36
7.541	123.46
7.551	122.1
7.561	119.98
7.571	119.4
7.581	119.17
7.591	119.13
7.601	118.6
7.611	118.5
7.621	119.45
7.631	119.96
7.641	119.83
7.651	119.79
7.661	118.77
7.671	118.35
7.681	118.69
7.691	117.98
7.701	116.6
7.711	116.59
7.721	117.32
7.731	118.81
7.741	118.74
7.751	117.76
7.761	119.11
7.771	119.08
7.781	119.12
7.791	118.69
7.801	120.05
7.811	119.32
7.821	117.5
7.831	116.94
7.841	115.77
7.851	116.66
7.861	117.31
7.871	116.44
7.881	113.48
7.891	112.85
7.901	112.82
7.911	113.09
7.921	112.36
7.931	109.86
7.941	108.4
7.951	108.32
7.961	108.89
7.971	109.45
7.981	108.85
7.991	110.07
8.001	109.86
8.011	108.74
8.021	109.2
8.031	111.11
8.041	112.67
8.051	113.29
8.061	115.12
8.071	115.41
8.081	116.15
8.091	116.49
8.101	117.3
8.111	117.14
8.121	115.99
8.131	116.35
8.141	117.36
8.151	117.62
8.161	118.18
8.171	122.5
8.181	122.94
8.191	124.25
8.201	124.5
8.211	123.14
8.221	121.76
8.231	120.9
8.241	118.86
8.251	117.94
8.261	117.67
8.271	117.63
8.281	117.01
8.291	115.92
8.301	115.66
8.311	116.93
8.321	117.07
8.331	116.87
8.341	116.46
8.351	115.94
8.361	115.39
8.371	116.53
8.381	116.77
8.391	116.51
8.401	116.17
8.411	115.53
8.421	113.9
8.431	110.69
8.441	109.4
8.451	111.2
8.461	111.63
8.471	112.07
8.481	112.14
8.491	111.79
8.501	111.07
8.511	109.56
8.521	110.64
8.531	111.41
8.541	110.77
8.591	111.17
8.601	111.57
8.611	113
9.501	112.04
9.511	113.21
9.521	110.82
9.531	111.39
9.541	111.01
9.551	111.65
9.561	111.32
9.571	111.02
9.581	110.98
9.591	110.85
9.601	110.84
9.611	110.68
9.621	110.69
9.631	110.8
9.641	110.94
9.651	110.65
9.661	110.44
9.671	110.21
9.681	109.62
9.691	109.36
9.701	109.1
9.711	108.75
9.721	108.34
9.731	108.54
9.741	108.29
9.751	108.78
9.761	108.97
9.771	108.85
9.781	108.79
9.791	108.82
9.801	108.67
9.811	108.44
9.821	108.06
9.831	107.42
9.841	106.64
9.851	105.76
9.861	105.9
9.871	105.45
9.881	105.16
9.891	104.98
9.901	104.57
9.911	104.22
9.921	104.49
9.931	104.68
9.941	104.33
9.951	103.85
9.961	103.67
9.971	103.59
9.981	103.38
9.991	103.21
10.001	103.17
10.011	103.23
10.021	103.25
10.031	103.09
10.041	102.88
10.051	102.83
10.061	102.81
10.071	102.72
10.081	102.67
10.091	102.45
10.101	102.38
10.111	102.69
10.121	102.94
10.131	102.59
10.141	102.44
10.151	102.16
10.161	102.33
10.171	101.91
10.181	101.61
10.191	101.79
10.201	101.83
10.211	101.94
10.221	101.96
10.231	101.83
10.241	101.65
10.251	101.83
10.261	101.98
10.271	101.99
10.281	101.72
10.291	101.63
10.301	101.51
10.311	101.16
10.321	100.93
10.331	100.78
10.341	100.42
10.351	100.31
10.361	99.49
10.371	98.81
10.381	99.31
10.391	100.28
10.401	100.06
10.411	100.15
10.421	99.9
10.431	100.06
10.441	99.15
10.451	98.8
10.461	98.65
10.471	98.56
10.481	99.06
10.491	98.85
10.501	98.47
10.511	98.84
10.521	97.66
10.531	98.85
10.541	98.63
10.551	98.07
10.561	99
10.571	98.23
10.581	98.94
10.591	97.51
10.601	98.1
10.611	98.81
10.621	98.88
10.631	99.49
10.641	98.78
10.651	99.74
10.661	100.05
10.671	99.46
10.681	100.16
10.691	100.24
10.701	99.69
10.711	100.38
10.721	100.05
10.731	99.61
10.741	99.89
10.751	99.65
10.761	100.07
10.771	99.7
10.781	99.48
10.791	99.19
10.801	99.83
10.811	100.31
10.821	99.6
10.831	99.64
10.841	97.27
10.851	98.62
10.861	102.46
10.871	96.34
10.881	96.88
10.891	101.45
10.901	94.86
10.911	103.38
11.081	110.49
11.091	109.84
11.101	110.91
11.111	112.52
11.121	114.92
11.131	117.29
11.141	119.03
11.151	121.13
11.161	122.29
11.171	123.55
11.181	124.28
11.191	124.13
11.201	123.62
11.211	123.45
11.221	124.7
11.231	125.86
11.241	126.22
11.251	125.96
11.261	126.21
11.271	127.3
11.281	127.34
11.291	126.94
11.301	127.81
11.311	127.76
11.321	126.81
11.331	126.32
11.341	125.84
11.351	125.28
11.361	124.33
11.371	123.25
11.381	122.05
11.391	121.38
11.401	121.59
11.411	121.96
11.421	121.93
11.431	121.81
11.441	121.74
11.451	121.49
11.461	121.12
11.471	120.93
11.481	117.61
11.491	116.93
11.501	117.75
11.511	120.25
11.521	120.88
11.641	128.1
11.651	125.49
11.661	125.27
11.671	123.92
11.681	122.66
11.691	122.33
11.701	121.27
11.711	120.02
11.721	119.31
11.731	118.61
11.741	118.75
11.751	118.66
11.761	118.18
11.771	117.41
11.781	117.09
11.791	116.98
11.801	116.86
11.811	116.57
11.821	116.56
11.831	116.07
11.841	115.86
11.851	114.99
11.861	115.01
11.871	116.42
11.881	116.81
11.891	116.8
11.901	116.35
11.911	117.69
11.921	118.5
11.981	112.24
11.991	112.54
12.001	111.31
12.011	111.02
12.021	110.71
12.031	110.44
12.041	110.05
12.051	109.83
12.061	109.48
12.071	108.61
12.081	108.36
12.091	107.98
12.101	107.74
12.111	108.01
12.121	108.17
12.131	107.96
12.141	107.49
12.151	107.32
12.161	106.67
12.171	106.64
12.181	106.49
12.191	106.21
12.201	105.94
12.211	106
12.221	105.7
12.231	105.53
12.241	105.4
12.251	104.76
12.261	104.94
12.271	105.32
12.281	105.77
12.291	105.57
12.301	105.44
12.311	105.42
12.321	105.26
12.331	105.16
12.341	105.02
12.351	104.62
12.361	104.4
12.371	104.49
12.381	104.69
12.391	104.68
12.401	104.22
12.411	103.66
12.421	103.84
12.431	104.07
12.441	104.08
12.451	104.08
12.461	104.08
12.471	103.98
12.481	103.68
12.491	103.48
12.501	103.37
12.511	103.13
12.521	102.59
12.531	102.29
12.541	102.41
12.551	102.33
12.561	101.9
12.571	101.44
12.581	101.21
12.591	102.34
12.601	101.67
12.611	102.67
12.621	102.62
12.631	102.28
12.641	102.47
12.651	101.93
12.661	101.57
12.671	102.37
12.741	110.18
12.751	111.22
12.761	110.76
12.771	109.14
12.781	109.04
12.791	110.18
12.801	110.41
12.811	110.2
12.821	109.11
12.831	109.44
12.841	109.67
12.851	109.19
12.861	110.66
12.871	110.77
12.881	110.66
12.891	110.57
12.901	110.81
12.911	111.33
12.921	111.74
12.931	112.07
12.941	111.71
12.951	111.33
12.961	111.49
12.971	111.62
12.981	112.05
12.991	112.25
13.001	112.26
13.011	112.48
13.021	112.69
13.031	113.17
13.041	111.92
13.051	110.03
13.061	112.58
13.071	114.95
13.081	116.35
13.091	117.35
13.101	117.56
13.111	117.4
13.121	120.41
13.131	123.71
13.141	123.34
13.151	123.47
13.161	128.62
13.171	128.89
13.181	128.2
13.191	128.62
13.201	127.2
13.211	126.92
13.221	128.67
13.231	125.66
13.241	123.02
13.251	122.95
13.261	122.71
13.271	125.3
13.281	124.71
13.391	128.11
13.401	119.95
13.411	118.49
13.421	117.61
13.431	116.78
13.441	116.93
13.451	116.09
13.461	115.53
13.471	115.2
13.481	114.86
13.491	112.78
13.501	109.65
13.511	110.74
13.521	110.42
13.531	108.79
13.541	108.47
13.551	110.04
13.561	110.55
13.571	110.63
13.581	111.99
13.591	111.82
13.601	112.78
13.611	113.12
13.621	111.52
13.631	110.13
13.641	105.66
13.651	105.51
13.661	105.78
13.671	111.62
13.681	111.56
13.691	112.71
13.701	113.62
13.711	114.1
13.721	113.71
13.731	112.31
13.741	111.82
13.751	110.64
13.761	110.06
13.771	109.96
13.781	110.76
13.791	111.13
13.801	111.58
13.811	111.47
13.821	110.95
13.831	110.46
13.841	110.75
13.851	111.07
13.861	110.92
13.871	111.11
13.881	111.55
13.891	111.88
13.901	120.32
13.911	128.85
13.921	129.86
13.931	130.31
13.941	131.83
13.951	131.15
13.961	130.84
13.971	130.47
13.981	125.84
13.991	125.84
14.001	126.93
14.111	132.08
14.121	130.94
14.131	120.39
14.141	118.24
14.151	118.81
14.161	117.49
14.171	117.17
14.181	117.06
14.191	116.21
14.201	116.34
14.211	116.4
14.221	115.79
14.231	115.21
14.241	114.28
14.251	112.72
14.311	117.88
14.321	118.38
14.331	116.79
14.341	115.05
14.351	113.91
14.361	116.95
14.371	115.12
14.381	114.55
14.391	119.03
14.401	117.03
14.411	117.4
14.421	116.72
14.431	116.35
14.441	115.93
14.451	114.93
14.461	114.59
14.471	114.33
14.481	113.63
14.491	114.43
14.501	114.51
14.511	114.24
14.521	113.11
14.531	112.05
14.541	110.63
14.551	111.07
14.561	110.7
14.571	109.16
14.581	108.72
14.591	110.63
14.601	110.03
14.611	109.52
14.621	109.78
14.631	110.47
14.641	110.36
14.651	111.09
14.661	111.61
14.671	113.78
14.681	112.92
14.691	111.74
14.701	110.32
14.711	109.38
14.721	109.41
14.731	110.81
14.741	111.33
14.751	110.89
14.761	110.56
14.771	110.17
14.781	109.98
14.791	109.73
14.801	109.54
14.811	109.32
14.821	109.28
14.831	109.29
14.841	109.11
14.851	109.2
14.861	109.4
14.871	110.06
14.881	111.25
14.891	113.57
14.901	114.4
14.911	112.81
14.921	110.83
14.931	109.09
14.941	110.37
14.951	110.39
14.961	110.68
14.971	110.65
14.981	111.5
14.991	112.76
15.001	110.55
15.011	110.41
15.021	109.33
15.031	110.8
15.041	111.3
15.051	112.62
15.061	113.48
15.601	117.67
15.611	114.48
15.621	116.06
15.631	119.78
15.641	124.59
15.651	124.53
15.661	121.95
15.671	121.92
15.681	122.25
15.691	120.88
15.701	119.62
15.711	118.46
15.721	118.05
15.731	117.54
15.741	119.7
15.751	123.58
15.761	124.72
15.771	124.94
15.781	124.46
15.791	123.73
15.801	122.26
15.811	119.11
15.821	115.83
15.831	118.68
15.841	99.52
15.851	103.55
15.861	104.83
15.871	104.17
15.881	119.69
15.891	117.7
15.901	115.7
15.911	105.62
15.921	104.35
15.931	107.14
15.941	105.77
16.291	136.29
16.301	145.97
16.431	113.43
16.441	113.68
16.451	113.79
16.461	112.84
16.471	112.44
16.481	112.25
16.491	112.08
16.501	112.83
16.511	112.6
16.521	111.86
16.531	111.79
16.541	112.16
16.551	112.09
16.561	112.06
16.571	111.85
16.581	111.59
16.591	111.31
16.601	111.24
16.611	110.74
16.621	110.33
16.631	110.06
16.641	109.8
16.651	109.28
16.661	109.1
16.671	109.06
16.681	109.03
16.691	109.14
16.701	109.29
16.711	109.27
16.721	108.97
16.731	108.92
16.741	108.91
16.751	108.75
16.761	108.68
16.771	108.55
16.781	108.42
16.791	108.24
16.801	107.98
16.811	107.78
16.821	107.6
16.831	107.47
16.841	107.12
16.851	106.87
16.861	106.26
16.871	106.23
16.881	106.12
16.891	106.06
16.901	105.8
16.911	105.35
16.921	105.57
16.931	104.82
16.941	104.39
16.951	104.26
16.961	103.94
16.971	103.69
16.981	103.08
16.991	102.92
17.001	102.85
17.011	102.92
17.021	103.07
17.031	104.34
17.041	104.07
17.051	103.21
17.061	103.84
17.071	102.11
17.081	103.1
17.091	102.18
17.101	102.51
17.111	102.23
17.121	100.84
17.131	100.47
17.141	102.67
17.151	100.57
17.161	100.29
17.171	99.12
17.181	98.57
17.191	99.99
17.201	98.58
17.211	97.2
17.221	97.7
17.231	98.81
17.241	101.35
17.251	102.31
17.261	94.6
17.271	95.73
17.281	101.78
17.291	98.21
17.301	100.58
17.321	93.43
17.331	104.48
17.341	105.51
18.161	112.7
18.171	114.71
18.181	115.02
18.191	115.74
18.201	115.82
18.211	115.9
18.221	116.05
18.231	115.73
18.241	115.74
18.251	115.46
18.261	114.93
18.271	114.72
18.281	114.43
18.291	113.99
18.301	113.14
18.311	112.82
18.321	112.59
18.331	112.71
18.341	112.59
18.351	112.69
18.361	112.78
18.371	112.1
18.381	112.62
18.391	113.04
18.401	112.85
18.411	112.63
18.421	112.42
18.431	109.23
18.441	109.39
18.451	108.24
18.461	107.96
18.471	108.32
18.481	109.46
18.491	109.83
18.501	109.4
18.511	110.12
18.521	110.12
18.531	110.28
18.541	110.3
18.551	110.5
18.561	109.62
18.571	109.55
18.581	109.97
18.591	109.91
18.601	109.76
18.611	110.2
18.621	110.13
18.631	110.11
18.641	110.67
18.651	117.79
18.661	113.86
18.671	112.98
18.681	113.32
18.691	113.49
18.701	114.67
18.711	115.77
18.721	115.38
18.731	114.9
18.741	114.2
18.751	115.11
18.761	115.26
18.771	110.27
18.781	114.07
18.791	114.25
18.801	114.96
18.811	114.5
18.821	110.46
18.831	115.2
18.841	117.67
18.851	118.77
18.861	117.34
18.871	115.11
18.881	114.66
18.891	114.25
18.901	113.56
18.911	113.61
18.921	113.78
18.931	113.43
18.941	112.91
18.951	112.3
18.961	111.83
18.971	111.65
18.981	110.87
18.991	109.88
19.001	110.43
19.011	111.65
19.021	111.88
19.031	112.25
19.041	112.07
19.051	111.88
19.061	111.82
19.071	112.17
19.081	112.94
19.091	113.42
19.101	113.67
19.111	113.68
19.121	113.54
19.131	113.09
19.141	112.67
19.151	112.04
19.161	111.8
19.171	112.13
19.181	113.5
19.191	114.01
19.201	114.26
19.211	114.08
19.221	113.51
19.231	113.43
19.241	113.56
19.251	113.66
19.261	113.76
19.271	115.24
19.281	114.59
19.291	114.3
19.301	114.21
19.311	113.75
19.321	113.04
19.331	112.47
19.341	112.38
19.351	112.09
19.361	111.76
19.371	111.28
19.381	110.5
19.391	110.23
19.401	109.94
19.411	109.78
19.421	109.67
19.431	109.35
19.441	109.12
19.451	108.89
19.461	108.81
19.471	108.78
19.481	108.75
19.491	108.72
19.501	108.4
19.511	108.34
19.521	108.33
19.531	108.41
19.541	108.23
19.551	108.03
19.561	107.82
19.571	107.6
19.581	107.26
19.591	107.2
19.601	107.39
19.611	107.32
19.621	107.18
19.631	107.1
19.641	107.14
19.651	107.11
19.661	106.86
19.671	106.51
19.681	105.75
19.691	105.57
19.701	105.4
19.711	102.72
19.721	103.25
19.731	103.1
19.741	102.35
19.751	103.04
19.761	104.55
19.771	106.55
19.781	107.92
19.791	109.19
19.801	110.05
19.811	110.15
19.821	109.86
19.831	109.17
19.841	107.11
19.851	106.07
19.861	106.07
19.871	107.51
19.881	109.23
19.891	109.88
19.901	111.94
19.911	112.28
19.921	112.51
19.931	112.22
19.941	111.53
19.951	110.84
19.961	110.32
19.971	109.87
19.981	109.69
19.991	109.28
20.001	108.45
20.011	107.48
20.021	105.24
20.031	107.9
20.041	108.48
20.051	106.28
20.061	104.87
20.071	103.52
20.081	103.82
20.091	104.79
20.101	106.27
20.111	106.14
20.121	105.85
20.131	105.96
20.141	105.09
20.151	106.47
20.161	109.98
20.211	114.01
20.221	113.3
20.231	112.82
20.241	112.73
20.251	110.21
20.261	106.85
20.271	107.21
20.281	112.3
20.291	109.64
20.301	110.09
20.341	109.53
20.351	112.65
20.361	111.44
20.461	112.3
20.471	112.72
20.481	112.15
20.491	111.68
20.501	110.59
20.511	109.8
20.521	109.28
20.531	108.98
20.541	108
20.551	106.2
20.561	105.5
20.571	105.8
20.581	108.32
20.591	109.32
20.601	107.13
20.611	105.96
20.621	103.58
20.631	103.01
20.641	103.14
20.651	102.98
20.661	102.52
20.671	102.79
20.681	102.84
20.691	102.81
20.701	103.13
20.711	103.21
20.721	105.27
20.731	103.42
20.741	103.15
20.751	102.76
20.761	103.63
20.771	103.99
20.831	109.64
20.841	110.05
20.851	108.94
20.861	109.63
20.871	109.18
20.881	109.02
20.891	109.16
20.901	108.82
20.911	108.7
20.921	108.77
20.931	108.58
20.941	108.61
20.951	108.77
20.961	108.39
20.971	108.41
20.981	108.47
20.991	109.06
21.001	110.83
21.011	112.33
21.021	113.57
21.031	114.33
21.041	114.49
21.051	114.71
21.061	114.14
21.071	113.87
21.081	112.02
21.091	112.09
21.101	109.63
21.111	109.34
21.121	111.36
21.221	116.49
21.231	113.72
21.241	112.56
21.251	112.65
21.261	110.07
21.271	108.25
21.281	106.98
21.291	108.9
21.301	104.36
21.311	109.86
21.321	107.72
21.331	108.01
21.341	111.42
21.351	110.84
21.361	111.34
21.371	108.36
21.381	110.36
21.391	111.64
21.511	119.13
21.521	110.06
21.531	124.13
21.541	107.35
21.551	115.43
21.561	115.1
21.571	114.7
21.581	114.19
21.591	113.19
21.601	112.29
21.611	110.49
21.621	110.1
21.631	110.02
21.641	108.77
21.651	107.85
21.661	107.7
21.671	107.82
21.681	106.99
21.691	107.48
21.701	106.95
21.711	105.14
21.721	104.71
21.731	104.78
21.741	104.67
21.751	104.74
21.761	104.29
21.771	103.91
21.781	103.67
21.791	103.71
21.801	103.92
21.811	104.18
21.821	104.23
21.831	104.08
21.841	104.12
21.851	103.21
21.861	102.81
21.871	102.48
21.881	102.18
21.891	101.48
21.901	101.36
21.911	101.54
21.921	100.9
21.931	100.68
21.941	100.77
21.951	99.57
21.961	99.13
21.971	98.68
21.981	99
21.991	98.57
22.001	101.95
22.011	99.4
22.021	102.7
22.031	102.35
22.041	103.82
22.051	104.54
22.061	105.54
22.071	105.04
22.081	104.37
22.091	104.82
22.101	105.42
22.111	106.49
22.121	107.59
22.131	110.58
22.141	111.9
22.151	113.38
22.161	114.78
22.171	114.72
22.181	113.77
22.191	112.93
22.201	109.35
22.211	106.37
22.221	105.37
22.231	104.65
22.241	104.55
22.251	118.67
22.331	128.45
22.341	131.26
22.351	131.56
22.361	131.24
22.371	130.3
22.381	128.65
22.391	127.35
22.401	125.34
22.411	124.94
22.421	124.44
22.431	122.21
22.441	122.15
22.451	119.9
22.461	117.15
22.471	117.26
22.481	113.81
22.491	112.89
22.501	112.41
22.511	119.6
22.521	129.32
22.531	119.71
22.541	112.08
22.551	111.86
22.561	111.86
22.571	112.2
22.581	110.96
22.591	111.15
22.601	112.81
22.611	111.02
22.621	112.7
22.631	108.67
22.641	111.49
22.701	108.34
22.711	109.02
22.721	108.65
22.731	108.25
22.741	107.74
22.751	106.52
22.761	106.15
22.771	105.71
22.781	105.68
22.791	105.81
22.801	106.21
22.811	107.07
22.821	105.82
22.831	105.75
22.841	107.78
22.851	107.41
22.861	107.12
22.871	107.89
23.311	116.35
23.321	116.38
23.331	116.82
23.341	116.65
23.351	115.65
23.361	115
23.371	114.78
23.381	113.95
23.391	112.79
23.401	110.22
23.411	109.84
23.421	109.96
23.431	109.51
23.441	109.67
23.451	109.58
23.461	108.72
23.471	107
23.481	110.63
23.491	111.87
23.501	112.55
23.511	110.18
23.521	109.5
23.531	108.95
23.541	104.03
23.551	113.54
23.561	113.67
23.571	116.2
23.581	115.22
23.591	115.31
23.601	115.36
23.611	115.52
23.621	116.04
23.631	117.34
23.641	119.03
23.651	120.15
23.661	121.11
23.671	121.11
23.681	120.03
23.691	119.49
23.701	120.71
23.711	124.01
23.721	126.46
23.731	124.67
23.741	124.77
23.751	127.74
23.761	125.75
23.771	123.18
23.781	123.91
23.791	124.74
23.801	124.57
23.811	124.81
23.821	124.54
23.831	122.95
23.841	120.33
23.851	115.72
23.861	117.08
23.871	125.57
23.881	125.7
23.891	125.16
23.901	122.18
23.911	121.98
23.921	122.64
23.951	118.88
23.961	117.52
23.971	119.59
23.981	120.14
23.991	118.87
24.001	116.7
24.011	117.4
24.021	118.89
24.031	121.01
24.041	122.41
24.051	122.65
24.061	121.38
24.071	119.73
24.081	118.83
24.091	118.35
24.101	117.44
24.111	115.97
24.121	115.96
24.131	116.03
24.141	119.38
24.151	120.68
24.161	119.98
24.171	119.34
24.181	118.02
24.191	119.31
24.201	115.88
24.231	119.81
24.241	116.33
24.251	115.79
24.261	115.88
24.271	115.88
24.281	115.87
24.291	115.91
24.301	115.99
24.311	116.54
24.321	117.22
24.331	117.54
24.341	117.48
24.351	117.11
24.361	116.99
24.371	116.9
24.381	116.62
24.391	116.08
24.401	115.58
24.411	115.72
24.421	116.21
24.431	116.26
24.441	116.76
24.451	116.91
24.461	116.77
24.471	116.39
24.481	116.5
24.491	117.15
24.501	115.64
24.511	115.65
24.521	116.84
24.531	122.64
24.541	123.24
24.551	122.27
24.561	121.37
24.571	119.99
24.581	118.37
24.591	117.77
24.601	117.67
24.611	117.16
24.621	116.27
24.631	115.75
24.641	115.61
24.651	115.95
24.661	118.3
24.671	117.23
24.681	116.91
24.691	116.96
24.701	118.65
24.711	117.01
24.721	116.43
24.731	116.84
24.741	116.7
24.751	117.11
24.761	117.33
24.771	117.47
24.821	122.39
24.831	118.24
24.841	116.69
24.851	115.8
24.861	115.84
24.871	114.37
24.881	112.86
24.891	112.92
24.901	111.96
24.911	112.42
24.921	112.11
24.931	111.01
24.941	110.79
24.951	111.16
24.961	111.87
24.971	112.13
24.981	112.88
24.991	112.9
25.001	113.72
25.011	114.79
25.021	114.84
25.031	114.38
25.041	113.82
25.051	113.2
25.061	108.09
25.071	112.28
25.081	113.73
25.091	113.03
25.101	112.88
25.111	107.68
25.121	107.78
25.131	111.23
25.141	104.93
25.151	112.27
25.161	113.59
25.171	116.92
25.181	117.43
25.191	117.26
25.201	117.65
25.211	117.65
25.221	117.79
25.231	117.27
25.241	116.54
25.251	116.38
25.261	115.86
25.271	115.9
25.281	115.43
25.291	114.61
25.301	114.64
25.311	114.77
25.321	115.03
25.331	114.7
25.341	114.48
25.351	114.23
25.361	113.57
25.371	115.25
25.381	114.51
25.391	116.98
25.401	113.5
25.411	113.72
25.421	114.35
25.431	115.07
25.441	115.86
25.451	115.71
25.461	118.21
25.541	118.51
25.551	119.61
25.561	122.48
25.571	125.51
25.581	125.91
25.591	125.03
25.601	124.63
25.611	124.97
25.621	124.53
25.631	123.67
25.641	122.47
25.651	121.41
25.661	119.91
25.671	118.98
25.681	119.62
25.691	119.5
25.701	119.3
25.711	119.08
25.721	119.23
25.731	118.98
25.741	118.84
25.751	118.95
25.761	118.45
25.771	117.73
25.781	116.76
25.791	116.21
25.801	116.61
25.811	118.33
25.821	119.52
25.831	117.05
25.841	116.9
25.851	118.9
25.861	117.91
25.871	117.62
25.881	119.53
25.891	119.34
25.901	117.43
25.911	116.62
25.921	114.79
25.931	110.11
25.941	111.86
25.951	112.6
25.961	113.33
25.971	113.55
25.981	113.2
25.991	112.69
26.001	112.98
26.011	113.27
26.021	113.89
26.031	115.04
26.041	115.65
26.051	116.07
26.061	116.97
26.071	118.15
26.081	118.4
26.091	118.24
26.101	118.01
26.111	117.82
26.121	117.79
26.131	118.05
26.141	118.06
26.151	117.85
26.161	117.11
26.171	116.63
26.181	116.77
26.191	118.12
26.201	117.76
26.211	117.82
26.221	118
26.231	118.12
26.241	117.54
26.251	117.38
26.261	117.25
26.271	118.03
26.281	117.08
26.291	117.3
26.301	118.77
26.311	118.85
26.321	129.48
26.331	116.71
26.341	113.38
26.351	112.83
26.361	112.58
26.371	115.08
26.381	116.78
26.391	116.11
26.401	115.02
26.441	108.96
26.451	108.48
26.461	108.76
26.471	108.8
26.481	108.7
26.491	108.65
26.501	108.7
26.511	108.42
26.521	107.6
26.531	107.49
26.541	107.02
26.551	107.06
26.561	106.96
26.571	106.96
26.581	106.8
26.591	106.62
26.601	106.67
26.611	106.19
26.621	106.45
26.631	105.64
26.641	106.05
26.651	105.78
26.661	106.09
26.671	106.41
26.681	106.8
26.691	106.27
26.701	105.65
26.741	117.84
26.751	107.87
26.761	109.91
26.771	109.7
26.781	108.66
26.791	108.45
26.801	108.48
26.811	108.18
26.821	107.73
26.831	107.29
26.841	107.46
26.851	108.33
26.861	108.09
26.871	107.58
26.881	108.25
26.891	107.72
26.901	108.54
26.911	107.15
26.921	107.79
26.931	107.73
26.941	108.14
27.001	104.27
27.011	108.25
27.801	117.48
27.811	116.56
27.821	116.34
27.831	116.1
27.841	115.88
27.851	115.05
27.861	113.68
27.871	111.89
27.881	110.24
27.891	109.71
27.901	108.62
27.911	109
27.921	110.9
27.931	105.78
27.941	107.1
27.951	108.57
27.961	109.98
27.971	111.16
27.981	110.58
27.991	107.51
28.001	107.62
28.011	108.01
28.021	110.62
28.031	119.03
28.041	121.05
28.051	123.73
28.061	125.62
28.071	126.5
28.081	124.06
28.091	124.46
28.101	120
28.111	118.51
28.121	122.27
28.131	123.89
28.141	125.13
28.151	126
28.161	124.7
28.171	123.38
28.181	121.22
28.191	121.77
28.201	122.26
28.411	116.07
28.421	116.71
28.431	116.5
28.441	116.06
28.451	115.73
28.461	114.73
28.471	114.22
28.481	113.61
28.491	114.2
28.501	114.79
28.511	115.78
28.521	116.15
28.531	116.39
28.541	116.51
28.551	116.74
28.561	117.21
28.571	117.7
28.581	118.18
28.591	117.86
28.601	117.7
28.611	118.23
28.621	118.84
28.631	119.26
28.641	119.64
28.651	119.53
28.661	119.62
28.671	119.48
28.681	118.57
28.691	118.6
28.701	118.98
28.711	118.94
28.721	118.19
28.731	117.96
28.741	118.29
28.751	118.98
28.761	118.97
28.771	118.43
28.781	119
28.791	118.37
28.801	118.28
28.811	118.74
28.821	118.99
28.831	118.82
28.841	118.91
28.851	89.05
28.861	89.4
28.871	89.38
28.881	89.26
28.891	119.28
28.901	118.91
28.911	119.09
29.121	118.86
29.131	117.65
29.141	117.08
29.151	114.78
29.161	114.99
29.171	114.5
29.181	116.85
29.191	118.7
29.201	116.62
29.211	116.52
29.221	116.63
29.231	116.57
29.241	113.55
29.251	110.2
29.261	110.82
29.271	119.48
29.281	114.63
29.291	115.23
29.301	115.07
29.311	114.76
29.321	113.54
29.331	112.19
29.341	110.17
29.351	109.19
29.361	109.32
29.371	108.36
29.381	108.26
29.391	107.74
29.401	108.59
29.411	110.3
29.421	110.97
29.431	110.96
29.441	110.6
29.451	109.63
29.461	111.69
29.471	112.35
29.481	110.5
29.491	109.8
29.501	107.82
29.511	111.35
29.521	111.59
29.531	110.87
29.541	111.28
29.551	111.19
29.561	110.89
29.571	112.21
29.581	112.86
29.591	112.24
29.601	112.67
29.611	111.35
29.621	111.4
29.631	110.91
29.641	110.33
29.651	109.33
29.661	109.1
29.671	108.55
29.681	106.29
29.691	107.45
29.701	110.21
29.711	109.73
29.721	108.87
29.731	110.57
29.741	109.5
29.751	108.25
29.761	107.52
29.771	107.71
29.781	110.04
29.791	106.07
29.801	105.81
29.831	106.6
29.841	106.67
29.851	103.22
29.861	102.97
29.871	103.1
29.901	118.34
29.911	115.9
29.921	115.86
29.931	115.47
29.941	115.25
29.951	114.81
29.961	114.39
29.971	113.82
29.981	112.91
29.991	111.92
30.001	109.65
30.011	106.56
30.021	110.88
30.031	112.72
30.041	109.25
30.051	108.7
30.061	109.46
30.071	109.09
30.081	108.29
30.091	108.89
30.101	109.12
30.111	107.66
30.121	108.28
30.131	106.9
30.141	107.79
30.151	107.94
30.161	108.29
30.171	106.8
30.181	107.52
30.191	108.26
30.201	108.52
30.211	108.71
30.221	108.55
30.231	107.44
30.241	106.55
30.251	107.52
30.261	108.11
30.271	107.9
30.281	108.72
30.291	108.55
30.301	108.26
30.311	107.98
30.321	108.96
30.331	108.3
30.341	107.86
30.371	117.74
30.381	115.25
30.391	116.06
30.401	115.98
30.411	115.06
30.421	121.25
30.431	121.47
30.441	120.64
30.451	119.93
30.461	118.3
30.471	117.89
30.481	117.56
30.491	116.87
30.501	115.94
30.511	116.06
30.521	115.89
30.531	114.62
30.541	113.37
30.551	114.59
30.561	114.11
30.571	113.18
30.581	112.28
30.591	111.06
30.601	111.6
30.611	113.81
30.621	114.18
30.631	113.45
30.641	112.43
30.651	111.77
30.661	112
30.671	111.35
30.681	111.69
30.691	111.81
30.701	112.16
30.711	112.03
30.721	112.12
30.731	112.11
30.741	111.73
30.751	111.34
30.761	110.94
30.771	111.08
30.781	111.86
30.791	111.94
30.801	111.54
30.811	111.69
30.821	111.9
30.831	112
30.841	111.63
30.851	111.84
30.861	108.95
30.871	111.3
30.881	111.28
30.891	111.55
30.901	112.47
30.911	112.6
30.921	113.36
30.931	113.08
30.941	109.45
31.581	118.41
31.591	114.8
31.601	113.99
31.611	105.48
31.621	116.39
31.631	114.28
31.641	114.02
31.651	113.78
31.661	115.78
31.671	116.31
31.681	116.06
31.691	116.09
31.701	116.44
31.711	117.33
31.721	117.26
31.731	116.88
31.741	116.37
31.751	115.62
31.761	115.24
31.771	115.76
31.781	116.49
31.791	117.47
31.801	116.78
31.811	116.58
31.821	116.69
31.831	116.19
31.841	116.28
31.851	116.22
31.861	111.9
31.871	119.84
31.881	123.01
31.891	122.6
31.901	121.72
31.911	120.07
31.921	118.68
31.931	117.92
31.941	117.64
31.951	117.31
31.961	116.26
31.971	115.06
31.981	114.71
31.991	115.49
32.001	115.69
32.011	114.67
32.021	113.83
32.031	113.46
32.041	112.33
32.051	110.94
32.061	110.7
32.071	111.14
32.081	112.8
32.091	114.08
32.101	114.53
32.111	114.56
32.131	113.62
32.141	113.41
32.151	112.56
32.161	112.89
32.171	113.74
32.181	114.71
32.191	114.31
32.201	114.07
32.211	114.15
32.221	113.83
32.231	113.08
32.241	112.12
32.251	112.27
32.261	112.36
32.271	112.31
32.281	112.61
32.291	112.88
32.301	113.08
32.311	113.14
32.321	112.71
32.331	112.29
32.341	112.02
32.351	111.92
32.361	111.57
32.371	111.84
32.381	112.51
32.391	113.4
32.401	113.53
32.411	113.21
32.421	113.22
32.431	113.26
32.441	113.37
32.451	113.46
32.461	113.7
32.471	114.36
32.481	114.95
32.491	114.9
32.501	114.5
32.511	114.41
32.521	113.04
32.531	112.67
32.541	114.09
32.551	114.85
32.561	115.06
32.571	113.84
32.581	112.77
32.591	113.39
32.601	113.14
32.611	113.29
32.621	114
